***
L C:\\Users\\Vicente\\Documents\\DirectorioRaiz\base de datos\loro.jpg
1.5805471048224717E-4 
3.647416306193918E-4 
4.4984801206737757E-4 
6.322188419289887E-4 
0.0 
0.0013252280186861753 
0.0013434650609269738 
0.0018541032914072275 
0.002340425504371524 
0.0024133739061653614 
0.002303951419889927 
0.002741641364991665 
0.002516717417165637 
0.0 
0.002376899588853121 
0.0030942249577492476 
0.0026626139879226685 
0.0028996961191296577 
0.0027234042063355446 
0.00220668688416481 
0.0021337387152016163 
0.0020668692886829376 
0.0 
0.00205471133813262 
0.001987841911613941 
0.0018723404500633478 
0.0015683890087530017 
0.002924012253060937 
0.0013313069939613342 
0.001276595750823617 
0.001246200641617179 
9.544072672724724E-4 
9.179331245832145E-4 
0.0018541032914072275 
6.869300850667059E-4 
8.206687052734196E-4 
0.0015197568573057652 
6.261398084461689E-4 
0.0012948327930644155 
7.47720361687243E-4 
0.0030577508732676506 
0.003896656446158886 
0.006480243057012558 
0.007373860105872154 
0.0043404255993664265 
0.016243161633610725 
0.014401216059923172 
0.011519757099449635 
0.007756839040666819 
0.0016291793435811996 
0.008851063437759876 
0.008054710924625397 
0.007252279669046402 
0.006936170160770416 
0.007823708467185497 
0.007544072810560465 
0.01013373862951994 
0.007088145706802607 
0.013100303709506989 
0.0064012156799435616 
0.005708206910640001 
0.011568388901650906 
0.005471124779433012 
0.008972644805908203 
0.00385410338640213 
0.0074772038497030735 
0.005939209833741188 
0.00468693021684885 
0.005325227975845337 
0.004468085244297981 
0.004249240271747112 
0.004316109232604504 
0.00441337376832962 
0.00385410338640213 
0.0043951366096735 
0.003392097307369113 
0.0037629178259521723 
0.005574468057602644 
0.003768997034057975 
0.003179331310093403 
0.005756838712841272 
0.003240121528506279 
0.006249240133911371 
0.0058297873474657536 
0.0044863224029541016 
0.008887537755072117 
0.011738602072000504 
0.012504559010267258 
0.020188448950648308 
0.02472948282957077 
0.015489361248910427 
0.026577508077025414 
0.029817629605531693 
0.03195744752883911 
0.030528875067830086 
0.04935562238097191 
0.01649847999215126 
0.02742249332368374 
0.010255319066345692 
0.010346504859626293 
0.008765957318246365 
0.007793312892317772 
0.0028085105586797 
0.001708206720650196 
0.001398176304064691 
0.0010395136196166277 
9.057750576175749E-4 
9.300911915488541E-4 
8.389057475142181E-4 
0.00102735566906631 
7.051671855151653E-4 
6.322188419289887E-4 
7.47720361687243E-4 
4.6808511251583695E-4 
6.930091185495257E-4 
6.808510515838861E-4 
6.990881520323455E-4 
6.322188419289887E-4 
6.747720181010664E-4 
9.604863007552922E-4 
0.0010699088452383876 
0.0011367781553417444 
0.0011063829297199845 
0.001179331331513822 
0.0015623100334778428 
0.0011306990636512637 
0.0012887538177892566 
0.0010212765773758292 
0.001276595750823617 
0.001306990860030055 
0.0015805470757186413 
0.001306990860030055 
0.001556231058202684 
0.0016048632096499205 
0.001714285695925355 
0.0018419453408569098 
0.0017993920482695103 
0.0023161093704402447 
0.0025957447942346334 
0.0025288753677159548 
0.0023829787969589233 
0.002516717417165637 
0.00220668688416481 
0.002370820613577962 
0.0016413374105468392 
0.0015440729912370443 
0.0015987842343747616 
0.0016778114950284362 
0.0015319149242714047 
0.001835866249166429 
0.0018905774923041463 
0.0018115501152351499 
0.001835866249166429 
0.0013617021031677723 
0.001398176304064691 
0.001556231058202684 
0.00161702127661556 
0.0013434650609269738 
0.0011732522398233414 
0.0015744681004434824 
0.001306990860030055 
0.0015805470757186413 
0.0014468084555119276 
0.001367781194858253 
0.0014164133463054895 
0.0014589665224775672 
0.0012340425746515393 
0.0012948327930644155 
0.001465045614168048 
0.0014407294802367687 
0.0014468084555119276 
0.001215805415995419 
0.001586626167409122 
0.0016960486536845565 
0.0015623100334778428 
0.001495440723374486 
0.0016048632096499205 
0.0015683890087530017 
0.0013313069939613342 
0.0014407294802367687 
0.00161702127661556 
0.0015319149242714047 
0.0014224924379959702 
0.001398176304064691 
0.0012340425746515393 
0.0015805470757186413 
0.001367781194858253 
0.001465045614168048 
0.0014832826564088464 
0.00161702127661556 
0.0017568388720974326 
0.001714285695925355 
0.0016717325197532773 
0.0017872340977191925 
0.00161702127661556 
0.0015623100334778428 
0.001957446802407503 
0.0018176292069256306 
0.00205471133813262 
0.001957446802407503 
0.0019756839610636234 
0.0019513678271323442 
0.0021276595070958138 
0.001969604752957821 
0.0020425531547516584 
0.0022492401767522097 
0.0020729482639580965 
0.0022310030180960894 
0.0020729482639580965 
0.0024498479906469584 
0.0026261399034410715 
0.0025349543429911137 
0.0028206687420606613 
0.0028693010099232197 
0.002996960422024131 
0.003677811473608017 
0.0033069909550249577 
0.00344680855050683 
0.004024316091090441 
0.003957446664571762 
0.0035379938781261444 
0.0039331307634711266 
0.0037507598754018545 
0.004200608003884554 
0.004231003113090992 
0.0037507598754018545 
0.0041519757360219955 
0.003896656446158886 
0.0042553190141916275 
0.0044741639867424965 
0.0047781155444681644 
0.004857142921537161 
0.004164133686572313 
0.0049240123480558395 
0.004917933139950037 
0.00466869305819273 
0.004364741500467062 
0.004571428522467613 
0.00383586622774601 
0.004188450053334236 
0.0033069909550249577 
0.003142857225611806 
0.002334346529096365 
0.0017568388720974326 
0.0016109423013404012 
0.0014103343710303307 
0.0011185409966856241 
0.0012887538177892566 
0.0019392097601667047 
0.0012036474654451013 
6.686929846182466E-4 
4.2553190723992884E-4 
4.012158024124801E-4 
4.012158024124801E-4 
2.4316109193023294E-4 
0.0 
***
***
A C:\\Users\\Vicente\\Documents\\DirectorioRaiz\base de datos\loro.jpg
0.0 
0.0 
0.0 
0.0 
0.0 
0.0 
0.0 
0.0 
0.0 
0.0 
0.0 
0.0 
0.0 
0.0 
0.0 
0.0 
0.0 
0.0 
0.0 
0.0 
0.0 
0.0 
0.0 
0.0 
0.0 
0.0 
0.0 
0.0 
0.0 
0.0 
0.0 
0.0 
0.0 
0.0 
0.0 
0.0 
0.0 
0.0 
0.0 
0.0 
0.0 
0.0 
0.0 
0.0 
0.0 
0.0 
0.0 
0.0 
0.0 
0.0 
0.0 
0.0 
0.0 
0.0 
0.0 
0.0 
0.0 
0.0 
0.0 
0.0 
0.0 
0.0 
0.0 
0.0 
0.0 
0.0 
0.0 
0.0 
0.0 
0.0 
0.0 
0.0 
0.0 
0.0 
0.0 
0.0 
0.0 
0.0 
0.0 
0.0 
0.0 
6.079027571104234E-6 
1.823708225856535E-5 
9.726444113766775E-5 
1.823708153096959E-4 
3.2218845444731414E-4 
5.106382886879146E-4 
8.206687052734196E-4 
8.814589818939567E-4 
8.328267722390592E-4 
9.604863007552922E-4 
0.0010820669122040272 
0.0015197568573057652 
0.0022674771025776863 
0.0029422491788864136 
0.0045896656811237335 
0.005720364861190319 
0.0066747721284627914 
0.007513677701354027 
0.007854103110730648 
0.006996960379183292 
0.006103343330323696 
0.006565349642187357 
0.005604863166809082 
0.004042553249746561 
0.004072948358952999 
0.006996960379183292 
0.023829787969589233 
0.04903951287269592 
0.06959270685911179 
0.05371428653597832 
0.05215197429060936 
0.07970820367336273 
0.07145288586616516 
0.052972644567489624 
0.033835865557193756 
0.03525836020708084 
0.03426747769117355 
0.03836474195122719 
0.05056535080075264 
0.043647415935993195 
0.021009119227528572 
0.011957447044551373 
0.0093738604336977 
0.012534954585134983 
0.008705167099833488 
0.01817021332681179 
0.008097263984382153 
0.014784194529056549 
0.006322188302874565 
0.011647416278719902 
0.007939210161566734 
0.01212158054113388 
0.007902735844254494 
0.010553191415965557 
0.005458966363221407 
0.003951367922127247 
0.0015927051426842809 
9.422492585144937E-4 
5.653495318256319E-4 
3.829787310678512E-4 
3.1003038748167455E-4 
1.3373860565479845E-4 
1.823708153096959E-4 
9.726444113766775E-5 
1.7629179637879133E-4 
2.3708207299932837E-4 
2.7963524917140603E-4 
2.857142826542258E-4 
2.735562447924167E-4 
1.5197567699942738E-4 
2.0668693468905985E-4 
3.2826748793013394E-4 
3.951367689296603E-4 
5.227963556535542E-4 
6.565349758602679E-4 
6.747720181010664E-4 
5.28875389136374E-4 
5.410334561020136E-4 
7.416413282044232E-4 
8.996960241347551E-4 
0.0011428571306169033 
0.001465045614168048 
0.001465045614168048 
0.0014711245894432068 
0.001927051693201065 
0.0022310030180960894 
0.0015683890087530017 
0.0016595744527876377 
0.0011306990636512637 
0.0011914893984794617 
0.0014468084555119276 
0.001276595750823617 
0.0013617021031677723 
0.0011975683737546206 
0.0012948327930644155 
0.0012887538177892566 
0.0012279634829610586 
0.0011732522398233414 
0.0011671732645481825 
0.001155015197582543 
9.300911915488541E-4 
0.0010516716865822673 
8.0851063830778E-4 
7.294832612387836E-4 
8.145896717905998E-4 
0.0011367781553417444 
0.0015319149242714047 
0.0013556231278926134 
0.002358662663027644 
0.0016534954775124788 
0.0014224924379959702 
0.002109422581270337 
4.2553190723992884E-4 
1.2765957217197865E-4 
7.902735524112359E-5 
4.863222056883387E-5 
4.863222056883387E-5 
5.4711246775696054E-5 
3.64741645171307E-5 
4.2553190723992884E-5 
3.64741645171307E-5 
1.823708225856535E-5 
3.0395136491279118E-5 
1.2158055142208468E-5 
1.2158055142208468E-5 
1.823708225856535E-5 
2.4316110284416936E-5 
2.4316110284416936E-5 
0.0 
0.0 
0.0 
0.0 
0.0 
0.0 
0.0 
0.0 
0.0 
0.0 
0.0 
0.0 
0.0 
0.0 
0.0 
0.0 
0.0 
0.0 
0.0 
0.0 
0.0 
0.0 
0.0 
0.0 
0.0 
0.0 
0.0 
0.0 
0.0 
0.0 
0.0 
0.0 
0.0 
0.0 
0.0 
0.0 
0.0 
0.0 
0.0 
0.0 
0.0 
0.0 
0.0 
0.0 
0.0 
0.0 
0.0 
***
***
B C:\\Users\\Vicente\\Documents\\DirectorioRaiz\base de datos\loro.jpg
0.0 
0.0 
0.0 
0.0 
0.0 
0.0 
0.0 
0.0 
0.0 
0.0 
0.0 
0.0 
0.0 
0.0 
0.0 
0.0 
0.0 
0.0 
0.0 
0.0 
0.0 
0.0 
0.0 
0.0 
0.0 
0.0 
0.0 
0.0 
0.0 
0.0 
0.0 
0.0 
0.0 
0.0 
0.0 
0.0 
0.0 
0.0 
0.0 
0.0 
0.0 
0.0 
0.0 
0.0 
0.0 
0.0 
0.0 
0.0 
0.0 
0.0 
0.0 
0.0 
0.0 
0.0 
0.0 
0.0 
0.0 
0.0 
0.0 
0.0 
0.0 
0.0 
0.0 
0.0 
0.0 
0.0 
0.0 
0.0 
0.0 
0.0 
0.0 
0.0 
0.0 
0.0 
0.0 
0.0 
0.0 
0.0 
0.0 
0.0 
0.0 
0.0 
0.0 
0.0 
0.0 
0.0 
0.0 
0.0 
0.0 
0.0 
0.0 
0.0 
0.0 
0.0 
0.0 
0.0 
0.0 
0.0 
0.0 
0.0 
0.0 
0.0 
6.079027571104234E-6 
0.0 
6.079027571104234E-6 
0.0 
6.079027571104234E-6 
0.0 
0.0 
6.079027571104234E-6 
6.079027571104234E-6 
0.0 
1.2158055142208468E-5 
0.0 
1.823708225856535E-5 
1.0942249355139211E-4 
1.7629179637879133E-4 
2.917933161370456E-4 
1.2765957217197865E-4 
1.3373860565479845E-4 
4.012158024124801E-4 
2.4316109193023294E-4 
1.7629179637879133E-4 
2.857142826542258E-4 
3.5258359275758266E-4 
3.5258359275758266E-4 
6.686929846182466E-4 
8.389057475142181E-4 
0.001185410306788981 
0.0014589665224775672 
0.0066200606524944305 
0.005629179533571005 
0.005641337484121323 
0.009252279996871948 
0.00563525827601552 
0.00700911832973361 
0.011726443655788898 
0.005185410380363464 
0.004145896527916193 
0.0035015197936445475 
0.0024802430998533964 
0.0020607903134077787 
0.0017325227381661534 
0.004638297948986292 
0.007866261526942253 
0.009440729394555092 
0.022200608626008034 
0.023495441302657127 
0.01927051693201065 
0.015738602727651596 
0.01097872294485569 
0.011945288628339767 
0.029300911352038383 
0.012875379994511604 
0.01596352644264698 
0.009768997319042683 
0.011629179120063782 
0.019507598131895065 
0.007471124641597271 
0.010224924422800541 
0.011623100377619267 
0.014747720211744308 
0.00908206682652235 
0.01152583584189415 
0.04065653309226036 
0.040936172008514404 
0.0462249256670475 
0.06480851024389267 
0.0934954434633255 
0.033738601952791214 
0.02025531977415085 
0.011331306770443916 
0.0016048632096499205 
0.0016534954775124788 
0.0013920972123742104 
0.0013130699517205358 
0.0013617021031677723 
0.0014285714132711291 
0.0015440729912370443 
0.0022006079088896513 
0.003051671665161848 
0.0024498479906469584 
0.0028693010099232197 
0.002759878523647785 
0.0025653494521975517 
0.003300911746919155 
0.003890577470883727 
0.004425531718879938 
0.005215805489569902 
0.00522796344012022 
0.005677811335772276 
0.006492401007562876 
0.0070577505975961685 
0.008662614040076733 
0.008255318738520145 
0.005744680762290955 
0.006091185379773378 
0.0064863222651183605 
0.006930090952664614 
0.008747720159590244 
0.009617021307349205 
0.00965957436710596 
0.01157446764409542 
0.011963525786995888 
0.012346504256129265 
0.01592097245156765 
0.014613981358706951 
0.014717325568199158 
0.014139818027615547 
0.012182370759546757 
0.012930091470479965 
0.00881459005177021 
0.004577507730573416 
0.002802431583404541 
0.001896656583994627 
0.001556231058202684 
0.0014711245894432068 
0.0011610941728577018 
7.720364956185222E-4 
4.4984801206737757E-4 
1.5197567699942738E-4 
3.0395136491279118E-5 
2.4316110284416936E-5 
0.0 
0.0 
0.0 
0.0 
0.0 
0.0 
0.0 
0.0 
0.0 
0.0 
0.0 
0.0 
0.0 
0.0 
0.0 
0.0 
0.0 
0.0 
0.0 
0.0 
0.0 
0.0 
0.0 
0.0 
0.0 
0.0 
0.0 
0.0 
0.0 
0.0 
0.0 
0.0 
0.0 
***
***
L C:\\Users\\Vicente\\Documents\\DirectorioRaiz\base de datos de colores\loro.jpg
1.5805471048224717E-4 
3.647416306193918E-4 
4.4984801206737757E-4 
6.322188419289887E-4 
0.0 
0.0013252280186861753 
0.0013434650609269738 
0.0018541032914072275 
0.002340425504371524 
0.0024133739061653614 
0.002303951419889927 
0.002741641364991665 
0.002516717417165637 
0.0 
0.002376899588853121 
0.0030942249577492476 
0.0026626139879226685 
0.0028996961191296577 
0.0027234042063355446 
0.00220668688416481 
0.0021337387152016163 
0.0020668692886829376 
0.0 
0.00205471133813262 
0.001987841911613941 
0.0018723404500633478 
0.0015683890087530017 
0.002924012253060937 
0.0013313069939613342 
0.001276595750823617 
0.001246200641617179 
9.544072672724724E-4 
9.179331245832145E-4 
0.0018541032914072275 
6.869300850667059E-4 
8.206687052734196E-4 
0.0015197568573057652 
6.261398084461689E-4 
0.0012948327930644155 
7.47720361687243E-4 
0.0030577508732676506 
0.003896656446158886 
0.006480243057012558 
0.007373860105872154 
0.0043404255993664265 
0.016243161633610725 
0.014401216059923172 
0.011519757099449635 
0.007756839040666819 
0.0016291793435811996 
0.008851063437759876 
0.008054710924625397 
0.007252279669046402 
0.006936170160770416 
0.007823708467185497 
0.007544072810560465 
0.01013373862951994 
0.007088145706802607 
0.013100303709506989 
0.0064012156799435616 
0.005708206910640001 
0.011568388901650906 
0.005471124779433012 
0.008972644805908203 
0.00385410338640213 
0.0074772038497030735 
0.005939209833741188 
0.00468693021684885 
0.005325227975845337 
0.004468085244297981 
0.004249240271747112 
0.004316109232604504 
0.00441337376832962 
0.00385410338640213 
0.0043951366096735 
0.003392097307369113 
0.0037629178259521723 
0.005574468057602644 
0.003768997034057975 
0.003179331310093403 
0.005756838712841272 
0.003240121528506279 
0.006249240133911371 
0.0058297873474657536 
0.0044863224029541016 
0.008887537755072117 
0.011738602072000504 
0.012504559010267258 
0.020188448950648308 
0.02472948282957077 
0.015489361248910427 
0.026577508077025414 
0.029817629605531693 
0.03195744752883911 
0.030528875067830086 
0.04935562238097191 
0.01649847999215126 
0.02742249332368374 
0.010255319066345692 
0.010346504859626293 
0.008765957318246365 
0.007793312892317772 
0.0028085105586797 
0.001708206720650196 
0.001398176304064691 
0.0010395136196166277 
9.057750576175749E-4 
9.300911915488541E-4 
8.389057475142181E-4 
0.00102735566906631 
7.051671855151653E-4 
6.322188419289887E-4 
7.47720361687243E-4 
4.6808511251583695E-4 
6.930091185495257E-4 
6.808510515838861E-4 
6.990881520323455E-4 
6.322188419289887E-4 
6.747720181010664E-4 
9.604863007552922E-4 
0.0010699088452383876 
0.0011367781553417444 
0.0011063829297199845 
0.001179331331513822 
0.0015623100334778428 
0.0011306990636512637 
0.0012887538177892566 
0.0010212765773758292 
0.001276595750823617 
0.001306990860030055 
0.0015805470757186413 
0.001306990860030055 
0.001556231058202684 
0.0016048632096499205 
0.001714285695925355 
0.0018419453408569098 
0.0017993920482695103 
0.0023161093704402447 
0.0025957447942346334 
0.0025288753677159548 
0.0023829787969589233 
0.002516717417165637 
0.00220668688416481 
0.002370820613577962 
0.0016413374105468392 
0.0015440729912370443 
0.0015987842343747616 
0.0016778114950284362 
0.0015319149242714047 
0.001835866249166429 
0.0018905774923041463 
0.0018115501152351499 
0.001835866249166429 
0.0013617021031677723 
0.001398176304064691 
0.001556231058202684 
0.00161702127661556 
0.0013434650609269738 
0.0011732522398233414 
0.0015744681004434824 
0.001306990860030055 
0.0015805470757186413 
0.0014468084555119276 
0.001367781194858253 
0.0014164133463054895 
0.0014589665224775672 
0.0012340425746515393 
0.0012948327930644155 
0.001465045614168048 
0.0014407294802367687 
0.0014468084555119276 
0.001215805415995419 
0.001586626167409122 
0.0016960486536845565 
0.0015623100334778428 
0.001495440723374486 
0.0016048632096499205 
0.0015683890087530017 
0.0013313069939613342 
0.0014407294802367687 
0.00161702127661556 
0.0015319149242714047 
0.0014224924379959702 
0.001398176304064691 
0.0012340425746515393 
0.0015805470757186413 
0.001367781194858253 
0.001465045614168048 
0.0014832826564088464 
0.00161702127661556 
0.0017568388720974326 
0.001714285695925355 
0.0016717325197532773 
0.0017872340977191925 
0.00161702127661556 
0.0015623100334778428 
0.001957446802407503 
0.0018176292069256306 
0.00205471133813262 
0.001957446802407503 
0.0019756839610636234 
0.0019513678271323442 
0.0021276595070958138 
0.001969604752957821 
0.0020425531547516584 
0.0022492401767522097 
0.0020729482639580965 
0.0022310030180960894 
0.0020729482639580965 
0.0024498479906469584 
0.0026261399034410715 
0.0025349543429911137 
0.0028206687420606613 
0.0028693010099232197 
0.002996960422024131 
0.003677811473608017 
0.0033069909550249577 
0.00344680855050683 
0.004024316091090441 
0.003957446664571762 
0.0035379938781261444 
0.0039331307634711266 
0.0037507598754018545 
0.004200608003884554 
0.004231003113090992 
0.0037507598754018545 
0.0041519757360219955 
0.003896656446158886 
0.0042553190141916275 
0.0044741639867424965 
0.0047781155444681644 
0.004857142921537161 
0.004164133686572313 
0.0049240123480558395 
0.004917933139950037 
0.00466869305819273 
0.004364741500467062 
0.004571428522467613 
0.00383586622774601 
0.004188450053334236 
0.0033069909550249577 
0.003142857225611806 
0.002334346529096365 
0.0017568388720974326 
0.0016109423013404012 
0.0014103343710303307 
0.0011185409966856241 
0.0012887538177892566 
0.0019392097601667047 
0.0012036474654451013 
6.686929846182466E-4 
4.2553190723992884E-4 
4.012158024124801E-4 
4.012158024124801E-4 
2.4316109193023294E-4 
0.0 
***
***
A C:\\Users\\Vicente\\Documents\\DirectorioRaiz\base de datos de colores\loro.jpg
0.0 
0.0 
0.0 
0.0 
0.0 
0.0 
0.0 
0.0 
0.0 
0.0 
0.0 
0.0 
0.0 
0.0 
0.0 
0.0 
0.0 
0.0 
0.0 
0.0 
0.0 
0.0 
0.0 
0.0 
0.0 
0.0 
0.0 
0.0 
0.0 
0.0 
0.0 
0.0 
0.0 
0.0 
0.0 
0.0 
0.0 
0.0 
0.0 
0.0 
0.0 
0.0 
0.0 
0.0 
0.0 
0.0 
0.0 
0.0 
0.0 
0.0 
0.0 
0.0 
0.0 
0.0 
0.0 
0.0 
0.0 
0.0 
0.0 
0.0 
0.0 
0.0 
0.0 
0.0 
0.0 
0.0 
0.0 
0.0 
0.0 
0.0 
0.0 
0.0 
0.0 
0.0 
0.0 
0.0 
0.0 
0.0 
0.0 
0.0 
0.0 
6.079027571104234E-6 
1.823708225856535E-5 
9.726444113766775E-5 
1.823708153096959E-4 
3.2218845444731414E-4 
5.106382886879146E-4 
8.206687052734196E-4 
8.814589818939567E-4 
8.328267722390592E-4 
9.604863007552922E-4 
0.0010820669122040272 
0.0015197568573057652 
0.0022674771025776863 
0.0029422491788864136 
0.0045896656811237335 
0.005720364861190319 
0.0066747721284627914 
0.007513677701354027 
0.007854103110730648 
0.006996960379183292 
0.006103343330323696 
0.006565349642187357 
0.005604863166809082 
0.004042553249746561 
0.004072948358952999 
0.006996960379183292 
0.023829787969589233 
0.04903951287269592 
0.06959270685911179 
0.05371428653597832 
0.05215197429060936 
0.07970820367336273 
0.07145288586616516 
0.052972644567489624 
0.033835865557193756 
0.03525836020708084 
0.03426747769117355 
0.03836474195122719 
0.05056535080075264 
0.043647415935993195 
0.021009119227528572 
0.011957447044551373 
0.0093738604336977 
0.012534954585134983 
0.008705167099833488 
0.01817021332681179 
0.008097263984382153 
0.014784194529056549 
0.006322188302874565 
0.011647416278719902 
0.007939210161566734 
0.01212158054113388 
0.007902735844254494 
0.010553191415965557 
0.005458966363221407 
0.003951367922127247 
0.0015927051426842809 
9.422492585144937E-4 
5.653495318256319E-4 
3.829787310678512E-4 
3.1003038748167455E-4 
1.3373860565479845E-4 
1.823708153096959E-4 
9.726444113766775E-5 
1.7629179637879133E-4 
2.3708207299932837E-4 
2.7963524917140603E-4 
2.857142826542258E-4 
2.735562447924167E-4 
1.5197567699942738E-4 
2.0668693468905985E-4 
3.2826748793013394E-4 
3.951367689296603E-4 
5.227963556535542E-4 
6.565349758602679E-4 
6.747720181010664E-4 
5.28875389136374E-4 
5.410334561020136E-4 
7.416413282044232E-4 
8.996960241347551E-4 
0.0011428571306169033 
0.001465045614168048 
0.001465045614168048 
0.0014711245894432068 
0.001927051693201065 
0.0022310030180960894 
0.0015683890087530017 
0.0016595744527876377 
0.0011306990636512637 
0.0011914893984794617 
0.0014468084555119276 
0.001276595750823617 
0.0013617021031677723 
0.0011975683737546206 
0.0012948327930644155 
0.0012887538177892566 
0.0012279634829610586 
0.0011732522398233414 
0.0011671732645481825 
0.001155015197582543 
9.300911915488541E-4 
0.0010516716865822673 
8.0851063830778E-4 
7.294832612387836E-4 
8.145896717905998E-4 
0.0011367781553417444 
0.0015319149242714047 
0.0013556231278926134 
0.002358662663027644 
0.0016534954775124788 
0.0014224924379959702 
0.002109422581270337 
4.2553190723992884E-4 
1.2765957217197865E-4 
7.902735524112359E-5 
4.863222056883387E-5 
4.863222056883387E-5 
5.4711246775696054E-5 
3.64741645171307E-5 
4.2553190723992884E-5 
3.64741645171307E-5 
1.823708225856535E-5 
3.0395136491279118E-5 
1.2158055142208468E-5 
1.2158055142208468E-5 
1.823708225856535E-5 
2.4316110284416936E-5 
2.4316110284416936E-5 
0.0 
0.0 
0.0 
0.0 
0.0 
0.0 
0.0 
0.0 
0.0 
0.0 
0.0 
0.0 
0.0 
0.0 
0.0 
0.0 
0.0 
0.0 
0.0 
0.0 
0.0 
0.0 
0.0 
0.0 
0.0 
0.0 
0.0 
0.0 
0.0 
0.0 
0.0 
0.0 
0.0 
0.0 
0.0 
0.0 
0.0 
0.0 
0.0 
0.0 
0.0 
0.0 
0.0 
0.0 
0.0 
0.0 
0.0 
***
***
B C:\\Users\\Vicente\\Documents\\DirectorioRaiz\base de datos de colores\loro.jpg
0.0 
0.0 
0.0 
0.0 
0.0 
0.0 
0.0 
0.0 
0.0 
0.0 
0.0 
0.0 
0.0 
0.0 
0.0 
0.0 
0.0 
0.0 
0.0 
0.0 
0.0 
0.0 
0.0 
0.0 
0.0 
0.0 
0.0 
0.0 
0.0 
0.0 
0.0 
0.0 
0.0 
0.0 
0.0 
0.0 
0.0 
0.0 
0.0 
0.0 
0.0 
0.0 
0.0 
0.0 
0.0 
0.0 
0.0 
0.0 
0.0 
0.0 
0.0 
0.0 
0.0 
0.0 
0.0 
0.0 
0.0 
0.0 
0.0 
0.0 
0.0 
0.0 
0.0 
0.0 
0.0 
0.0 
0.0 
0.0 
0.0 
0.0 
0.0 
0.0 
0.0 
0.0 
0.0 
0.0 
0.0 
0.0 
0.0 
0.0 
0.0 
0.0 
0.0 
0.0 
0.0 
0.0 
0.0 
0.0 
0.0 
0.0 
0.0 
0.0 
0.0 
0.0 
0.0 
0.0 
0.0 
0.0 
0.0 
0.0 
0.0 
0.0 
6.079027571104234E-6 
0.0 
6.079027571104234E-6 
0.0 
6.079027571104234E-6 
0.0 
0.0 
6.079027571104234E-6 
6.079027571104234E-6 
0.0 
1.2158055142208468E-5 
0.0 
1.823708225856535E-5 
1.0942249355139211E-4 
1.7629179637879133E-4 
2.917933161370456E-4 
1.2765957217197865E-4 
1.3373860565479845E-4 
4.012158024124801E-4 
2.4316109193023294E-4 
1.7629179637879133E-4 
2.857142826542258E-4 
3.5258359275758266E-4 
3.5258359275758266E-4 
6.686929846182466E-4 
8.389057475142181E-4 
0.001185410306788981 
0.0014589665224775672 
0.0066200606524944305 
0.005629179533571005 
0.005641337484121323 
0.009252279996871948 
0.00563525827601552 
0.00700911832973361 
0.011726443655788898 
0.005185410380363464 
0.004145896527916193 
0.0035015197936445475 
0.0024802430998533964 
0.0020607903134077787 
0.0017325227381661534 
0.004638297948986292 
0.007866261526942253 
0.009440729394555092 
0.022200608626008034 
0.023495441302657127 
0.01927051693201065 
0.015738602727651596 
0.01097872294485569 
0.011945288628339767 
0.029300911352038383 
0.012875379994511604 
0.01596352644264698 
0.009768997319042683 
0.011629179120063782 
0.019507598131895065 
0.007471124641597271 
0.010224924422800541 
0.011623100377619267 
0.014747720211744308 
0.00908206682652235 
0.01152583584189415 
0.04065653309226036 
0.040936172008514404 
0.0462249256670475 
0.06480851024389267 
0.0934954434633255 
0.033738601952791214 
0.02025531977415085 
0.011331306770443916 
0.0016048632096499205 
0.0016534954775124788 
0.0013920972123742104 
0.0013130699517205358 
0.0013617021031677723 
0.0014285714132711291 
0.0015440729912370443 
0.0022006079088896513 
0.003051671665161848 
0.0024498479906469584 
0.0028693010099232197 
0.002759878523647785 
0.0025653494521975517 
0.003300911746919155 
0.003890577470883727 
0.004425531718879938 
0.005215805489569902 
0.00522796344012022 
0.005677811335772276 
0.006492401007562876 
0.0070577505975961685 
0.008662614040076733 
0.008255318738520145 
0.005744680762290955 
0.006091185379773378 
0.0064863222651183605 
0.006930090952664614 
0.008747720159590244 
0.009617021307349205 
0.00965957436710596 
0.01157446764409542 
0.011963525786995888 
0.012346504256129265 
0.01592097245156765 
0.014613981358706951 
0.014717325568199158 
0.014139818027615547 
0.012182370759546757 
0.012930091470479965 
0.00881459005177021 
0.004577507730573416 
0.002802431583404541 
0.001896656583994627 
0.001556231058202684 
0.0014711245894432068 
0.0011610941728577018 
7.720364956185222E-4 
4.4984801206737757E-4 
1.5197567699942738E-4 
3.0395136491279118E-5 
2.4316110284416936E-5 
0.0 
0.0 
0.0 
0.0 
0.0 
0.0 
0.0 
0.0 
0.0 
0.0 
0.0 
0.0 
0.0 
0.0 
0.0 
0.0 
0.0 
0.0 
0.0 
0.0 
0.0 
0.0 
0.0 
0.0 
0.0 
0.0 
0.0 
0.0 
0.0 
0.0 
0.0 
0.0 
0.0 
***
***
L C:\\DirectorioRaiz\base de datos de colores\loro.jpg
1.5805471048224717E-4 
3.647416306193918E-4 
4.4984801206737757E-4 
6.322188419289887E-4 
0.0 
0.0013252280186861753 
0.0013434650609269738 
0.0018541032914072275 
0.002340425504371524 
0.0024133739061653614 
0.002303951419889927 
0.002741641364991665 
0.002516717417165637 
0.0 
0.002376899588853121 
0.0030942249577492476 
0.0026626139879226685 
0.0028996961191296577 
0.0027234042063355446 
0.00220668688416481 
0.0021337387152016163 
0.0020668692886829376 
0.0 
0.00205471133813262 
0.001987841911613941 
0.0018723404500633478 
0.0015683890087530017 
0.002924012253060937 
0.0013313069939613342 
0.001276595750823617 
0.001246200641617179 
9.544072672724724E-4 
9.179331245832145E-4 
0.0018541032914072275 
6.869300850667059E-4 
8.206687052734196E-4 
0.0015197568573057652 
6.261398084461689E-4 
0.0012948327930644155 
7.47720361687243E-4 
0.0030577508732676506 
0.003896656446158886 
0.006480243057012558 
0.007373860105872154 
0.0043404255993664265 
0.016243161633610725 
0.014401216059923172 
0.011519757099449635 
0.007756839040666819 
0.0016291793435811996 
0.008851063437759876 
0.008054710924625397 
0.007252279669046402 
0.006936170160770416 
0.007823708467185497 
0.007544072810560465 
0.01013373862951994 
0.007088145706802607 
0.013100303709506989 
0.0064012156799435616 
0.005708206910640001 
0.011568388901650906 
0.005471124779433012 
0.008972644805908203 
0.00385410338640213 
0.0074772038497030735 
0.005939209833741188 
0.00468693021684885 
0.005325227975845337 
0.004468085244297981 
0.004249240271747112 
0.004316109232604504 
0.00441337376832962 
0.00385410338640213 
0.0043951366096735 
0.003392097307369113 
0.0037629178259521723 
0.005574468057602644 
0.003768997034057975 
0.003179331310093403 
0.005756838712841272 
0.003240121528506279 
0.006249240133911371 
0.0058297873474657536 
0.0044863224029541016 
0.008887537755072117 
0.011738602072000504 
0.012504559010267258 
0.020188448950648308 
0.02472948282957077 
0.015489361248910427 
0.026577508077025414 
0.029817629605531693 
0.03195744752883911 
0.030528875067830086 
0.04935562238097191 
0.01649847999215126 
0.02742249332368374 
0.010255319066345692 
0.010346504859626293 
0.008765957318246365 
0.007793312892317772 
0.0028085105586797 
0.001708206720650196 
0.001398176304064691 
0.0010395136196166277 
9.057750576175749E-4 
9.300911915488541E-4 
8.389057475142181E-4 
0.00102735566906631 
7.051671855151653E-4 
6.322188419289887E-4 
7.47720361687243E-4 
4.6808511251583695E-4 
6.930091185495257E-4 
6.808510515838861E-4 
6.990881520323455E-4 
6.322188419289887E-4 
6.747720181010664E-4 
9.604863007552922E-4 
0.0010699088452383876 
0.0011367781553417444 
0.0011063829297199845 
0.001179331331513822 
0.0015623100334778428 
0.0011306990636512637 
0.0012887538177892566 
0.0010212765773758292 
0.001276595750823617 
0.001306990860030055 
0.0015805470757186413 
0.001306990860030055 
0.001556231058202684 
0.0016048632096499205 
0.001714285695925355 
0.0018419453408569098 
0.0017993920482695103 
0.0023161093704402447 
0.0025957447942346334 
0.0025288753677159548 
0.0023829787969589233 
0.002516717417165637 
0.00220668688416481 
0.002370820613577962 
0.0016413374105468392 
0.0015440729912370443 
0.0015987842343747616 
0.0016778114950284362 
0.0015319149242714047 
0.001835866249166429 
0.0018905774923041463 
0.0018115501152351499 
0.001835866249166429 
0.0013617021031677723 
0.001398176304064691 
0.001556231058202684 
0.00161702127661556 
0.0013434650609269738 
0.0011732522398233414 
0.0015744681004434824 
0.001306990860030055 
0.0015805470757186413 
0.0014468084555119276 
0.001367781194858253 
0.0014164133463054895 
0.0014589665224775672 
0.0012340425746515393 
0.0012948327930644155 
0.001465045614168048 
0.0014407294802367687 
0.0014468084555119276 
0.001215805415995419 
0.001586626167409122 
0.0016960486536845565 
0.0015623100334778428 
0.001495440723374486 
0.0016048632096499205 
0.0015683890087530017 
0.0013313069939613342 
0.0014407294802367687 
0.00161702127661556 
0.0015319149242714047 
0.0014224924379959702 
0.001398176304064691 
0.0012340425746515393 
0.0015805470757186413 
0.001367781194858253 
0.001465045614168048 
0.0014832826564088464 
0.00161702127661556 
0.0017568388720974326 
0.001714285695925355 
0.0016717325197532773 
0.0017872340977191925 
0.00161702127661556 
0.0015623100334778428 
0.001957446802407503 
0.0018176292069256306 
0.00205471133813262 
0.001957446802407503 
0.0019756839610636234 
0.0019513678271323442 
0.0021276595070958138 
0.001969604752957821 
0.0020425531547516584 
0.0022492401767522097 
0.0020729482639580965 
0.0022310030180960894 
0.0020729482639580965 
0.0024498479906469584 
0.0026261399034410715 
0.0025349543429911137 
0.0028206687420606613 
0.0028693010099232197 
0.002996960422024131 
0.003677811473608017 
0.0033069909550249577 
0.00344680855050683 
0.004024316091090441 
0.003957446664571762 
0.0035379938781261444 
0.0039331307634711266 
0.0037507598754018545 
0.004200608003884554 
0.004231003113090992 
0.0037507598754018545 
0.0041519757360219955 
0.003896656446158886 
0.0042553190141916275 
0.0044741639867424965 
0.0047781155444681644 
0.004857142921537161 
0.004164133686572313 
0.0049240123480558395 
0.004917933139950037 
0.00466869305819273 
0.004364741500467062 
0.004571428522467613 
0.00383586622774601 
0.004188450053334236 
0.0033069909550249577 
0.003142857225611806 
0.002334346529096365 
0.0017568388720974326 
0.0016109423013404012 
0.0014103343710303307 
0.0011185409966856241 
0.0012887538177892566 
0.0019392097601667047 
0.0012036474654451013 
6.686929846182466E-4 
4.2553190723992884E-4 
4.012158024124801E-4 
4.012158024124801E-4 
2.4316109193023294E-4 
0.0 
***
***
A C:\\DirectorioRaiz\base de datos de colores\loro.jpg
0.0 
0.0 
0.0 
0.0 
0.0 
0.0 
0.0 
0.0 
0.0 
0.0 
0.0 
0.0 
0.0 
0.0 
0.0 
0.0 
0.0 
0.0 
0.0 
0.0 
0.0 
0.0 
0.0 
0.0 
0.0 
0.0 
0.0 
0.0 
0.0 
0.0 
0.0 
0.0 
0.0 
0.0 
0.0 
0.0 
0.0 
0.0 
0.0 
0.0 
0.0 
0.0 
0.0 
0.0 
0.0 
0.0 
0.0 
0.0 
0.0 
0.0 
0.0 
0.0 
0.0 
0.0 
0.0 
0.0 
0.0 
0.0 
0.0 
0.0 
0.0 
0.0 
0.0 
0.0 
0.0 
0.0 
0.0 
0.0 
0.0 
0.0 
0.0 
0.0 
0.0 
0.0 
0.0 
0.0 
0.0 
0.0 
0.0 
0.0 
0.0 
6.079027571104234E-6 
1.823708225856535E-5 
9.726444113766775E-5 
1.823708153096959E-4 
3.2218845444731414E-4 
5.106382886879146E-4 
8.206687052734196E-4 
8.814589818939567E-4 
8.328267722390592E-4 
9.604863007552922E-4 
0.0010820669122040272 
0.0015197568573057652 
0.0022674771025776863 
0.0029422491788864136 
0.0045896656811237335 
0.005720364861190319 
0.0066747721284627914 
0.007513677701354027 
0.007854103110730648 
0.006996960379183292 
0.006103343330323696 
0.006565349642187357 
0.005604863166809082 
0.004042553249746561 
0.004072948358952999 
0.006996960379183292 
0.023829787969589233 
0.04903951287269592 
0.06959270685911179 
0.05371428653597832 
0.05215197429060936 
0.07970820367336273 
0.07145288586616516 
0.052972644567489624 
0.033835865557193756 
0.03525836020708084 
0.03426747769117355 
0.03836474195122719 
0.05056535080075264 
0.043647415935993195 
0.021009119227528572 
0.011957447044551373 
0.0093738604336977 
0.012534954585134983 
0.008705167099833488 
0.01817021332681179 
0.008097263984382153 
0.014784194529056549 
0.006322188302874565 
0.011647416278719902 
0.007939210161566734 
0.01212158054113388 
0.007902735844254494 
0.010553191415965557 
0.005458966363221407 
0.003951367922127247 
0.0015927051426842809 
9.422492585144937E-4 
5.653495318256319E-4 
3.829787310678512E-4 
3.1003038748167455E-4 
1.3373860565479845E-4 
1.823708153096959E-4 
9.726444113766775E-5 
1.7629179637879133E-4 
2.3708207299932837E-4 
2.7963524917140603E-4 
2.857142826542258E-4 
2.735562447924167E-4 
1.5197567699942738E-4 
2.0668693468905985E-4 
3.2826748793013394E-4 
3.951367689296603E-4 
5.227963556535542E-4 
6.565349758602679E-4 
6.747720181010664E-4 
5.28875389136374E-4 
5.410334561020136E-4 
7.416413282044232E-4 
8.996960241347551E-4 
0.0011428571306169033 
0.001465045614168048 
0.001465045614168048 
0.0014711245894432068 
0.001927051693201065 
0.0022310030180960894 
0.0015683890087530017 
0.0016595744527876377 
0.0011306990636512637 
0.0011914893984794617 
0.0014468084555119276 
0.001276595750823617 
0.0013617021031677723 
0.0011975683737546206 
0.0012948327930644155 
0.0012887538177892566 
0.0012279634829610586 
0.0011732522398233414 
0.0011671732645481825 
0.001155015197582543 
9.300911915488541E-4 
0.0010516716865822673 
8.0851063830778E-4 
7.294832612387836E-4 
8.145896717905998E-4 
0.0011367781553417444 
0.0015319149242714047 
0.0013556231278926134 
0.002358662663027644 
0.0016534954775124788 
0.0014224924379959702 
0.002109422581270337 
4.2553190723992884E-4 
1.2765957217197865E-4 
7.902735524112359E-5 
4.863222056883387E-5 
4.863222056883387E-5 
5.4711246775696054E-5 
3.64741645171307E-5 
4.2553190723992884E-5 
3.64741645171307E-5 
1.823708225856535E-5 
3.0395136491279118E-5 
1.2158055142208468E-5 
1.2158055142208468E-5 
1.823708225856535E-5 
2.4316110284416936E-5 
2.4316110284416936E-5 
0.0 
0.0 
0.0 
0.0 
0.0 
0.0 
0.0 
0.0 
0.0 
0.0 
0.0 
0.0 
0.0 
0.0 
0.0 
0.0 
0.0 
0.0 
0.0 
0.0 
0.0 
0.0 
0.0 
0.0 
0.0 
0.0 
0.0 
0.0 
0.0 
0.0 
0.0 
0.0 
0.0 
0.0 
0.0 
0.0 
0.0 
0.0 
0.0 
0.0 
0.0 
0.0 
0.0 
0.0 
0.0 
0.0 
0.0 
***
***
B C:\\DirectorioRaiz\base de datos de colores\loro.jpg
0.0 
0.0 
0.0 
0.0 
0.0 
0.0 
0.0 
0.0 
0.0 
0.0 
0.0 
0.0 
0.0 
0.0 
0.0 
0.0 
0.0 
0.0 
0.0 
0.0 
0.0 
0.0 
0.0 
0.0 
0.0 
0.0 
0.0 
0.0 
0.0 
0.0 
0.0 
0.0 
0.0 
0.0 
0.0 
0.0 
0.0 
0.0 
0.0 
0.0 
0.0 
0.0 
0.0 
0.0 
0.0 
0.0 
0.0 
0.0 
0.0 
0.0 
0.0 
0.0 
0.0 
0.0 
0.0 
0.0 
0.0 
0.0 
0.0 
0.0 
0.0 
0.0 
0.0 
0.0 
0.0 
0.0 
0.0 
0.0 
0.0 
0.0 
0.0 
0.0 
0.0 
0.0 
0.0 
0.0 
0.0 
0.0 
0.0 
0.0 
0.0 
0.0 
0.0 
0.0 
0.0 
0.0 
0.0 
0.0 
0.0 
0.0 
0.0 
0.0 
0.0 
0.0 
0.0 
0.0 
0.0 
0.0 
0.0 
0.0 
0.0 
0.0 
6.079027571104234E-6 
0.0 
6.079027571104234E-6 
0.0 
6.079027571104234E-6 
0.0 
0.0 
6.079027571104234E-6 
6.079027571104234E-6 
0.0 
1.2158055142208468E-5 
0.0 
1.823708225856535E-5 
1.0942249355139211E-4 
1.7629179637879133E-4 
2.917933161370456E-4 
1.2765957217197865E-4 
1.3373860565479845E-4 
4.012158024124801E-4 
2.4316109193023294E-4 
1.7629179637879133E-4 
2.857142826542258E-4 
3.5258359275758266E-4 
3.5258359275758266E-4 
6.686929846182466E-4 
8.389057475142181E-4 
0.001185410306788981 
0.0014589665224775672 
0.0066200606524944305 
0.005629179533571005 
0.005641337484121323 
0.009252279996871948 
0.00563525827601552 
0.00700911832973361 
0.011726443655788898 
0.005185410380363464 
0.004145896527916193 
0.0035015197936445475 
0.0024802430998533964 
0.0020607903134077787 
0.0017325227381661534 
0.004638297948986292 
0.007866261526942253 
0.009440729394555092 
0.022200608626008034 
0.023495441302657127 
0.01927051693201065 
0.015738602727651596 
0.01097872294485569 
0.011945288628339767 
0.029300911352038383 
0.012875379994511604 
0.01596352644264698 
0.009768997319042683 
0.011629179120063782 
0.019507598131895065 
0.007471124641597271 
0.010224924422800541 
0.011623100377619267 
0.014747720211744308 
0.00908206682652235 
0.01152583584189415 
0.04065653309226036 
0.040936172008514404 
0.0462249256670475 
0.06480851024389267 
0.0934954434633255 
0.033738601952791214 
0.02025531977415085 
0.011331306770443916 
0.0016048632096499205 
0.0016534954775124788 
0.0013920972123742104 
0.0013130699517205358 
0.0013617021031677723 
0.0014285714132711291 
0.0015440729912370443 
0.0022006079088896513 
0.003051671665161848 
0.0024498479906469584 
0.0028693010099232197 
0.002759878523647785 
0.0025653494521975517 
0.003300911746919155 
0.003890577470883727 
0.004425531718879938 
0.005215805489569902 
0.00522796344012022 
0.005677811335772276 
0.006492401007562876 
0.0070577505975961685 
0.008662614040076733 
0.008255318738520145 
0.005744680762290955 
0.006091185379773378 
0.0064863222651183605 
0.006930090952664614 
0.008747720159590244 
0.009617021307349205 
0.00965957436710596 
0.01157446764409542 
0.011963525786995888 
0.012346504256129265 
0.01592097245156765 
0.014613981358706951 
0.014717325568199158 
0.014139818027615547 
0.012182370759546757 
0.012930091470479965 
0.00881459005177021 
0.004577507730573416 
0.002802431583404541 
0.001896656583994627 
0.001556231058202684 
0.0014711245894432068 
0.0011610941728577018 
7.720364956185222E-4 
4.4984801206737757E-4 
1.5197567699942738E-4 
3.0395136491279118E-5 
2.4316110284416936E-5 
0.0 
0.0 
0.0 
0.0 
0.0 
0.0 
0.0 
0.0 
0.0 
0.0 
0.0 
0.0 
0.0 
0.0 
0.0 
0.0 
0.0 
0.0 
0.0 
0.0 
0.0 
0.0 
0.0 
0.0 
0.0 
0.0 
0.0 
0.0 
0.0 
0.0 
0.0 
0.0 
0.0 
***
