***
L C:\\Users\\Vicente\\Documents\\DirectorioRaiz\base de datos\plana.jpg
0.005686281248927116 
0.010446343570947647 
0.010164961218833923 
0.005346276797354221 
0.0 
0.0042676422744989395 
0.003001418663188815 
0.0024855497758835554 
0.0020283025223761797 
0.0013600178062915802 
0.0011841534869745374 
0.0010786348721012473 
0.0020751995034515858 
0.0 
7.972518214955926E-4 
4.455230664461851E-4 
7.503546657972038E-4 
4.6897167339921E-4 
5.510416813194752E-4 
7.03457510098815E-4 
5.393174360506237E-4 
3.6345302942208946E-4 
0.0 
6.096631404943764E-4 
4.1035021422430873E-4 
4.3379879207350314E-4 
3.6345302942208946E-4 
0.0012662234948948026 
2.813829923979938E-4 
2.34485836699605E-4 
2.2276153322309256E-4 
2.6965871802531183E-4 
1.0551862214924768E-4 
3.751773328986019E-4 
9.379433322465047E-5 
2.1103724429849535E-4 
3.8690160727128386E-4 
5.158688290975988E-4 
3.282801772002131E-4 
2.2276153322309256E-4 
4.1035021422430873E-4 
2.34485836699605E-4 
1.8758866644930094E-4 
1.8758866644930094E-4 
5.862145917490125E-5 
2.813829923979938E-4 
1.8758866644930094E-4 
1.9931295537389815E-4 
2.2276153322309256E-4 
8.207004430005327E-5 
2.6965871802531183E-4 
2.579344145487994E-4 
1.6414008860010654E-4 
2.9310729587450624E-4 
0.001559330732561648 
5.510416813194752E-4 
1.7586437752470374E-4 
1.406914961989969E-4 
6.096631404943764E-4 
2.4621011107228696E-4 
1.8758866644930094E-4 
2.2276153322309256E-4 
8.207004430005327E-5 
2.6965871802531183E-4 
1.6414008860010654E-4 
5.627659847959876E-4 
1.9931295537389815E-4 
1.0551862214924768E-4 
2.4621011107228696E-4 
1.406914961989969E-4 
1.524157851235941E-4 
1.7586437752470374E-4 
1.0551862214924768E-4 
1.7586437752470374E-4 
0.0011020833626389503 
2.1103724429849535E-4 
9.613918955437839E-4 
2.579344145487994E-4 
9.379433322465047E-5 
1.524157851235941E-4 
1.7586437752470374E-4 
1.9931295537389815E-4 
0.0010082890512421727 
1.0551862214924768E-4 
1.406914961989969E-4 
0.001148980576545 
0.004584197886288166 
0.003118661465123296 
0.007867000065743923 
0.07462511211633682 
0.00104346196167171 
1.524157851235941E-4 
1.6414008860010654E-4 
1.0551862214924768E-4 
5.510416813194752E-4 
1.6414008860010654E-4 
9.379433322465047E-5 
2.34485836699605E-4 
1.289672072743997E-4 
1.289672072743997E-4 
1.172429183498025E-4 
1.524157851235941E-4 
1.7586437752470374E-4 
5.158688290975988E-4 
5.979388952255249E-4 
1.524157851235941E-4 
1.406914961989969E-4 
1.289672072743997E-4 
1.289672072743997E-4 
8.207004430005327E-5 
2.1103724429849535E-4 
8.207004430005327E-5 
2.2276153322309256E-4 
5.510416813194752E-4 
2.4621011107228696E-4 
2.4621011107228696E-4 
2.813829923979938E-4 
3.048315702471882E-4 
2.579344145487994E-4 
3.8690160727128386E-4 
5.627659847959876E-4 
3.986259107477963E-4 
2.34485836699605E-4 
2.9310729587450624E-4 
2.9310729587450624E-4 
5.627659847959876E-4 
6.800089031457901E-4 
3.8690160727128386E-4 
7.972518214955926E-4 
0.0010669105686247349 
7.03457510098815E-4 
8.675975841470063E-4 
0.002110372530296445 
0.0046076467260718346 
0.005041445139795542 
0.039991557598114014 
0.0015945036429911852 
7.03457510098815E-4 
2.579344145487994E-4 
4.3379879207350314E-4 
6.565603544004261E-4 
2.813829923979938E-4 
3.048315702471882E-4 
3.048315702471882E-4 
0.0011841534869745374 
2.9310729587450624E-4 
4.220744885969907E-4 
0.0011841534869745374 
0.0011138076661154628 
9.496675920672715E-4 
4.924202221445739E-4 
7.972518214955926E-4 
0.0010200133547186852 
0.0014186393236741424 
0.002989694243296981 
0.004103502258658409 
0.06156425550580025 
5.393174360506237E-4 
1.524157851235941E-4 
7.034574809949845E-5 
5.862145917490125E-5 
3.5172874049749225E-5 
5.862145917490125E-5 
8.207004430005327E-5 
9.379433322465047E-5 
1.406914961989969E-4 
1.172429183498025E-4 
9.379433322465047E-5 
1.524157851235941E-4 
1.406914961989969E-4 
3.1655587372370064E-4 
2.1103724429849535E-4 
2.6965871802531183E-4 
0.0015476064290851355 
0.0013482935028150678 
8.910461328923702E-4 
0.0010669105686247349 
0.0011255319695919752 
0.0015827793395146728 
0.003693151753395796 
0.025113431736826897 
0.0017000222578644753 
7.269060588441789E-4 
4.6897167339921E-4 
1.8758866644930094E-4 
4.924202221445739E-4 
1.524157851235941E-4 
1.172429183498025E-4 
1.0551862214924768E-4 
1.0551862214924768E-4 
1.0551862214924768E-4 
5.862145917490125E-5 
9.379433322465047E-5 
9.379433322465047E-5 
1.6414008860010654E-4 
1.172429183498025E-4 
2.1103724429849535E-4 
1.406914961989969E-4 
1.6414008860010654E-4 
2.4621011107228696E-4 
1.7586437752470374E-4 
2.2276153322309256E-4 
2.4621011107228696E-4 
3.1655587372370064E-4 
3.6345302942208946E-4 
2.6965871802531183E-4 
3.4000445157289505E-4 
3.282801772002131E-4 
1.524157851235941E-4 
3.986259107477963E-4 
4.220744885969907E-4 
3.986259107477963E-4 
3.986259107477963E-4 
4.3379879207350314E-4 
3.986259107477963E-4 
4.8069594777189195E-4 
5.627659847959876E-4 
5.275931325741112E-4 
8.793218876235187E-4 
0.0010200133547186852 
0.001148980576545 
0.0033062503207474947 
0.005123515613377094 
0.05214964970946312 
0.006647673435509205 
0.0017938165692612529 
1.8758866644930094E-4 
1.6414008860010654E-4 
1.0551862214924768E-4 
8.207004430005327E-5 
9.379433322465047E-5 
1.289672072743997E-4 
6.096631404943764E-4 
2.34485836699605E-4 
1.9931295537389815E-4 
9.379433322465047E-5 
2.6965871802531183E-4 
5.275931325741112E-4 
5.744902882725E-4 
7.503546657972038E-4 
5.393174360506237E-4 
7.03457510098815E-4 
7.738032145425677E-4 
0.0012193262809887528 
0.0018876109970733523 
0.0027200356125831604 
0.005651108454912901 
0.04451713338494301 
0.0030834886711090803 
0.0017586437752470374 
0.002989694243296981 
0.0042090206407010555 
0.007093196269124746 
0.016625044867396355 
0.04920685291290283 
0.4167868494987488 
***
***
A C:\\Users\\Vicente\\Documents\\DirectorioRaiz\base de datos\plana.jpg
0.0 
0.0 
0.0 
0.0 
0.0 
0.0 
0.0 
0.0 
0.0 
0.0 
0.0 
0.0 
0.0 
0.0 
0.0 
0.0 
0.0 
0.0 
0.0 
0.0 
0.0 
0.0 
0.0 
0.0 
0.0 
0.0 
0.0 
0.0 
0.0 
0.0 
0.0 
0.0 
0.0 
0.0 
0.0 
0.0 
0.0 
0.0 
0.0 
0.0 
0.0 
0.0 
0.0 
3.5172874049749225E-5 
0.00750354677438736 
0.05756627023220062 
0.004068328998982906 
0.0018641623901203275 
7.151818135753274E-4 
5.158688290975988E-4 
6.448360509239137E-4 
4.220744885969907E-4 
4.3379879207350314E-4 
3.282801772002131E-4 
3.048315702471882E-4 
3.6345302942208946E-4 
2.813829923979938E-4 
2.34485836699605E-4 
2.1103724429849535E-4 
2.4621011107228696E-4 
1.6414008860010654E-4 
2.4621011107228696E-4 
1.289672072743997E-4 
1.524157851235941E-4 
1.6414008860010654E-4 
1.406914961989969E-4 
1.6414008860010654E-4 
1.524157851235941E-4 
8.207004430005327E-5 
1.406914961989969E-4 
1.6414008860010654E-4 
1.289672072743997E-4 
1.289672072743997E-4 
1.406914961989969E-4 
1.289672072743997E-4 
1.0551862214924768E-4 
8.207004430005327E-5 
1.172429183498025E-4 
1.289672072743997E-4 
1.289672072743997E-4 
8.207004430005327E-5 
1.0551862214924768E-4 
5.862145917490125E-5 
1.0551862214924768E-4 
1.0551862214924768E-4 
1.0551862214924768E-4 
5.862145917490125E-5 
9.379433322465047E-5 
1.0551862214924768E-4 
5.862145917490125E-5 
8.207004430005327E-5 
7.034574809949845E-5 
8.207004430005327E-5 
1.0551862214924768E-4 
4.6897166612325236E-5 
8.207004430005327E-5 
4.6897166612325236E-5 
2.4621011107228696E-4 
1.172429183498025E-4 
1.172429183498025E-4 
1.289672072743997E-4 
1.6414008860010654E-4 
2.2276153322309256E-4 
1.0551862214924768E-4 
5.041445256210864E-4 
0.00323590449988842 
0.04449368640780449 
0.00834769569337368 
0.002321409760043025 
8.441489771939814E-4 
5.744902882725E-4 
9.965647477656603E-4 
4.1035021422430873E-4 
2.9310729587450624E-4 
2.2276153322309256E-4 
4.8069594777189195E-4 
2.1103724429849535E-4 
4.220744885969907E-4 
6.331117474474013E-4 
2.4621011107228696E-4 
9.3794334679842E-4 
3.048315702471882E-4 
0.0013131207088008523 
6.682845996692777E-4 
0.0021689939312636852 
0.003833843395113945 
0.016273315995931625 
0.03302732855081558 
0.45275697112083435 
0.022557536140084267 
0.020857514813542366 
0.0034821145236492157 
0.009977372363209724 
0.07789619266986847 
0.010504965670406818 
0.004302815068513155 
0.0015945036429911852 
1.1724291653081309E-5 
0.001383466413244605 
8.910461328923702E-4 
4.6897166612325236E-5 
5.627659847959876E-4 
8.207004430005327E-5 
5.158688290975988E-4 
3.4000445157289505E-4 
0.0011372562730684876 
7.972518214955926E-4 
0.0013600178062915802 
6.448360509239137E-4 
0.00104346196167171 
6.331117474474013E-4 
3.986259107477963E-4 
4.1035021422430873E-4 
5.158688290975988E-4 
0.0010551862651482224 
7.972518214955926E-4 
0.0013013964053243399 
0.0020400267094373703 
0.00291934865526855 
0.00553386565297842 
0.019497497007250786 
0.0024386525619775057 
0.0016062279464676976 
6.682845996692777E-4 
5.627659847959876E-4 
1.524157851235941E-4 
1.9931295537389815E-4 
2.2276153322309256E-4 
1.6414008860010654E-4 
3.1655587372370064E-4 
1.6414008860010654E-4 
9.379433322465047E-5 
1.289672072743997E-4 
2.34485836699605E-4 
5.862145917490125E-4 
1.406914961989969E-4 
1.6414008860010654E-4 
1.0551862214924768E-4 
1.7586437752470374E-4 
1.8758866644930094E-4 
1.0551862214924768E-4 
1.406914961989969E-4 
4.6897167339921E-4 
1.7586437752470374E-4 
1.8758866644930094E-4 
2.4621011107228696E-4 
1.9931295537389815E-4 
1.0551862214924768E-4 
2.579344145487994E-4 
3.4000445157289505E-4 
4.924202221445739E-4 
2.34485836699605E-4 
1.9931295537389815E-4 
1.9931295537389815E-4 
2.34485836699605E-4 
2.9310729587450624E-4 
9.848404442891479E-4 
3.1655587372370064E-4 
7.972518214955926E-4 
5.158688290975988E-4 
4.8069594777189195E-4 
8.207004284486175E-4 
9.144947398453951E-4 
0.0013951907167211175 
0.0021689939312636852 
0.009309087879955769 
0.04185572266578674 
0.0013482935028150678 
4.6897166612325236E-5 
9.379433322465047E-5 
1.8758866644930094E-4 
9.379433322465047E-5 
2.9310729587450624E-4 
3.1655587372370064E-4 
5.627659847959876E-4 
3.1655587372370064E-4 
3.282801772002131E-4 
8.910461328923702E-4 
3.751773328986019E-4 
7.151818135753274E-4 
0.0018289894796907902 
0.0028255542274564505 
0.004877305123955011 
0.06039182469248772 
0.0011138076661154628 
0.0 
0.0 
0.0 
0.0 
0.0 
0.0 
0.0 
0.0 
0.0 
0.0 
0.0 
0.0 
0.0 
0.0 
0.0 
0.0 
0.0 
0.0 
0.0 
0.0 
0.0 
0.0 
0.0 
0.0 
0.0 
0.0 
0.0 
0.0 
0.0 
0.0 
0.0 
***
***
B C:\\Users\\Vicente\\Documents\\DirectorioRaiz\base de datos\plana.jpg
0.0 
0.0 
0.0 
0.0 
0.0 
0.0 
0.0 
0.0 
0.0 
0.0 
0.0 
0.0 
0.0 
0.0 
0.0 
0.0 
0.0 
0.0 
0.0 
0.0 
0.0 
0.0 
0.0 
0.0 
0.0 
0.0 
0.0 
0.0 
0.0 
0.0 
0.0 
0.0 
0.0 
0.0 
0.0 
0.0 
0.0 
0.0 
0.0 
0.0 
0.0 
0.0 
0.0 
0.0 
0.0 
0.0 
0.0 
0.0 
0.0 
0.0 
0.0 
0.0 
0.0 
0.0 
0.0 
0.0 
0.0 
0.0 
0.0 
0.0 
0.0 
0.0 
0.0 
0.0 
0.0 
0.0 
2.3448583306162618E-5 
3.1655587372370064E-4 
0.003364871721714735 
0.05979388579726219 
0.00412695063278079 
0.003118661465123296 
0.0018172651762142777 
7.151818135753274E-4 
0.0010200133547186852 
3.517287550494075E-4 
3.517287550494075E-4 
9.379433322465047E-5 
1.9931295537389815E-4 
5.275931325741112E-4 
4.3379879207350314E-4 
2.6965871802531183E-4 
3.048315702471882E-4 
3.8690160727128386E-4 
5.979388952255249E-4 
1.8758866644930094E-4 
0.001090359059162438 
0.0031772830989211798 
0.07832999527454376 
0.0034352175425738096 
0.0030600400641560555 
2.1103724429849535E-4 
5.979388952255249E-4 
0.0013600178062915802 
3.4000445157289505E-4 
9.965647477656603E-4 
8.207004430005327E-5 
1.289672072743997E-4 
0.0010551862651482224 
5.041445256210864E-4 
6.448360509239137E-4 
6.448360509239137E-4 
0.00104346196167171 
3.8690160727128386E-4 
2.34485836699605E-4 
6.565603544004261E-4 
8.910461328923702E-4 
2.6965871802531183E-4 
0.0011372562730684876 
1.8758866644930094E-4 
5.627659847959876E-4 
2.6965871802531183E-4 
9.965647477656603E-4 
2.6965871802531183E-4 
3.4000445157289505E-4 
2.9310729587450624E-4 
0.001090359059162438 
7.034574809949845E-5 
2.1103724429849535E-4 
9.379433322465047E-5 
4.3379879207350314E-4 
1.9931295537389815E-4 
0.0012896721018478274 
0.00240347976796329 
0.0011372562730684876 
0.0028607272543013096 
0.01012978795915842 
0.02558240480720997 
0.43162980675697327 
0.045607492327690125 
0.030072808265686035 
0.006530430167913437 
0.003048315877094865 
0.002426928374916315 
0.0011372562730684876 
7.855275180190802E-4 
8.793218876235187E-4 
3.6345302942208946E-4 
4.1035021422430873E-4 
6.096631404943764E-4 
7.269060588441789E-4 
2.813829923979938E-4 
3.751773328986019E-4 
3.1655587372370064E-4 
2.9310729587450624E-4 
2.2276153322309256E-4 
3.282801772002131E-4 
2.4621011107228696E-4 
3.6345302942208946E-4 
1.9931295537389815E-4 
2.9310729587450624E-4 
6.448360509239137E-4 
2.813829923979938E-4 
2.6965871802531183E-4 
3.048315702471882E-4 
2.579344145487994E-4 
3.517287550494075E-4 
3.4000445157289505E-4 
4.1035021422430873E-4 
7.151818135753274E-4 
6.917332066223025E-4 
4.8069594777189195E-4 
4.5724736992269754E-4 
4.455230664461851E-4 
6.565603544004261E-4 
3.517287550494075E-4 
4.5724736992269754E-4 
7.269060588441789E-4 
5.393174360506237E-4 
4.924202221445739E-4 
4.8069594777189195E-4 
3.517287550494075E-4 
3.517287550494075E-4 
3.4000445157289505E-4 
5.275931325741112E-4 
5.979388952255249E-4 
6.213874439708889E-4 
9.965647477656603E-4 
5.744902882725E-4 
5.158688290975988E-4 
9.613918955437839E-4 
0.0011607048800215125 
0.0011958777904510498 
8.793218876235187E-4 
9.731161990202963E-4 
0.001899335184134543 
0.0034117689356207848 
0.006190425716340542 
0.03736531734466553 
0.006694570649415255 
9.731161990202963E-4 
5.393174360506237E-4 
4.8069594777189195E-4 
7.972518214955926E-4 
7.503546657972038E-4 
7.503546657972038E-4 
9.144947398453951E-4 
0.001383466413244605 
0.0017000222578644753 
0.004572473932057619 
0.02047061361372471 
0.005721454508602619 
7.386303623206913E-4 
6.565603544004261E-4 
5.979388952255249E-4 
6.565603544004261E-4 
7.972518214955926E-4 
0.00187588669359684 
0.003001418663188815 
0.00860563013702631 
0.05862145870923996 
6.917332066223025E-4 
2.34485836699605E-4 
3.6345302942208946E-4 
4.1035021422430873E-4 
5.862145917490125E-4 
8.441489771939814E-4 
0.002215891145169735 
0.003951086197048426 
0.045595768839120865 
0.0016765736509114504 
1.1724291653081309E-5 
0.0 
0.0 
0.0 
0.0 
0.0 
0.0 
0.0 
0.0 
0.0 
0.0 
0.0 
0.0 
0.0 
0.0 
0.0 
0.0 
0.0 
0.0 
0.0 
0.0 
0.0 
0.0 
0.0 
0.0 
0.0 
0.0 
0.0 
0.0 
0.0 
0.0 
0.0 
0.0 
0.0 
0.0 
***
***
L C:\\Users\\Vicente\\Documents\\DirectorioRaiz\base de datos de colores\plana.jpg
0.005686281248927116 
0.010446343570947647 
0.010164961218833923 
0.005346276797354221 
0.0 
0.0042676422744989395 
0.003001418663188815 
0.0024855497758835554 
0.0020283025223761797 
0.0013600178062915802 
0.0011841534869745374 
0.0010786348721012473 
0.0020751995034515858 
0.0 
7.972518214955926E-4 
4.455230664461851E-4 
7.503546657972038E-4 
4.6897167339921E-4 
5.510416813194752E-4 
7.03457510098815E-4 
5.393174360506237E-4 
3.6345302942208946E-4 
0.0 
6.096631404943764E-4 
4.1035021422430873E-4 
4.3379879207350314E-4 
3.6345302942208946E-4 
0.0012662234948948026 
2.813829923979938E-4 
2.34485836699605E-4 
2.2276153322309256E-4 
2.6965871802531183E-4 
1.0551862214924768E-4 
3.751773328986019E-4 
9.379433322465047E-5 
2.1103724429849535E-4 
3.8690160727128386E-4 
5.158688290975988E-4 
3.282801772002131E-4 
2.2276153322309256E-4 
4.1035021422430873E-4 
2.34485836699605E-4 
1.8758866644930094E-4 
1.8758866644930094E-4 
5.862145917490125E-5 
2.813829923979938E-4 
1.8758866644930094E-4 
1.9931295537389815E-4 
2.2276153322309256E-4 
8.207004430005327E-5 
2.6965871802531183E-4 
2.579344145487994E-4 
1.6414008860010654E-4 
2.9310729587450624E-4 
0.001559330732561648 
5.510416813194752E-4 
1.7586437752470374E-4 
1.406914961989969E-4 
6.096631404943764E-4 
2.4621011107228696E-4 
1.8758866644930094E-4 
2.2276153322309256E-4 
8.207004430005327E-5 
2.6965871802531183E-4 
1.6414008860010654E-4 
5.627659847959876E-4 
1.9931295537389815E-4 
1.0551862214924768E-4 
2.4621011107228696E-4 
1.406914961989969E-4 
1.524157851235941E-4 
1.7586437752470374E-4 
1.0551862214924768E-4 
1.7586437752470374E-4 
0.0011020833626389503 
2.1103724429849535E-4 
9.613918955437839E-4 
2.579344145487994E-4 
9.379433322465047E-5 
1.524157851235941E-4 
1.7586437752470374E-4 
1.9931295537389815E-4 
0.0010082890512421727 
1.0551862214924768E-4 
1.406914961989969E-4 
0.001148980576545 
0.004584197886288166 
0.003118661465123296 
0.007867000065743923 
0.07462511211633682 
0.00104346196167171 
1.524157851235941E-4 
1.6414008860010654E-4 
1.0551862214924768E-4 
5.510416813194752E-4 
1.6414008860010654E-4 
9.379433322465047E-5 
2.34485836699605E-4 
1.289672072743997E-4 
1.289672072743997E-4 
1.172429183498025E-4 
1.524157851235941E-4 
1.7586437752470374E-4 
5.158688290975988E-4 
5.979388952255249E-4 
1.524157851235941E-4 
1.406914961989969E-4 
1.289672072743997E-4 
1.289672072743997E-4 
8.207004430005327E-5 
2.1103724429849535E-4 
8.207004430005327E-5 
2.2276153322309256E-4 
5.510416813194752E-4 
2.4621011107228696E-4 
2.4621011107228696E-4 
2.813829923979938E-4 
3.048315702471882E-4 
2.579344145487994E-4 
3.8690160727128386E-4 
5.627659847959876E-4 
3.986259107477963E-4 
2.34485836699605E-4 
2.9310729587450624E-4 
2.9310729587450624E-4 
5.627659847959876E-4 
6.800089031457901E-4 
3.8690160727128386E-4 
7.972518214955926E-4 
0.0010669105686247349 
7.03457510098815E-4 
8.675975841470063E-4 
0.002110372530296445 
0.0046076467260718346 
0.005041445139795542 
0.039991557598114014 
0.0015945036429911852 
7.03457510098815E-4 
2.579344145487994E-4 
4.3379879207350314E-4 
6.565603544004261E-4 
2.813829923979938E-4 
3.048315702471882E-4 
3.048315702471882E-4 
0.0011841534869745374 
2.9310729587450624E-4 
4.220744885969907E-4 
0.0011841534869745374 
0.0011138076661154628 
9.496675920672715E-4 
4.924202221445739E-4 
7.972518214955926E-4 
0.0010200133547186852 
0.0014186393236741424 
0.002989694243296981 
0.004103502258658409 
0.06156425550580025 
5.393174360506237E-4 
1.524157851235941E-4 
7.034574809949845E-5 
5.862145917490125E-5 
3.5172874049749225E-5 
5.862145917490125E-5 
8.207004430005327E-5 
9.379433322465047E-5 
1.406914961989969E-4 
1.172429183498025E-4 
9.379433322465047E-5 
1.524157851235941E-4 
1.406914961989969E-4 
3.1655587372370064E-4 
2.1103724429849535E-4 
2.6965871802531183E-4 
0.0015476064290851355 
0.0013482935028150678 
8.910461328923702E-4 
0.0010669105686247349 
0.0011255319695919752 
0.0015827793395146728 
0.003693151753395796 
0.025113431736826897 
0.0017000222578644753 
7.269060588441789E-4 
4.6897167339921E-4 
1.8758866644930094E-4 
4.924202221445739E-4 
1.524157851235941E-4 
1.172429183498025E-4 
1.0551862214924768E-4 
1.0551862214924768E-4 
1.0551862214924768E-4 
5.862145917490125E-5 
9.379433322465047E-5 
9.379433322465047E-5 
1.6414008860010654E-4 
1.172429183498025E-4 
2.1103724429849535E-4 
1.406914961989969E-4 
1.6414008860010654E-4 
2.4621011107228696E-4 
1.7586437752470374E-4 
2.2276153322309256E-4 
2.4621011107228696E-4 
3.1655587372370064E-4 
3.6345302942208946E-4 
2.6965871802531183E-4 
3.4000445157289505E-4 
3.282801772002131E-4 
1.524157851235941E-4 
3.986259107477963E-4 
4.220744885969907E-4 
3.986259107477963E-4 
3.986259107477963E-4 
4.3379879207350314E-4 
3.986259107477963E-4 
4.8069594777189195E-4 
5.627659847959876E-4 
5.275931325741112E-4 
8.793218876235187E-4 
0.0010200133547186852 
0.001148980576545 
0.0033062503207474947 
0.005123515613377094 
0.05214964970946312 
0.006647673435509205 
0.0017938165692612529 
1.8758866644930094E-4 
1.6414008860010654E-4 
1.0551862214924768E-4 
8.207004430005327E-5 
9.379433322465047E-5 
1.289672072743997E-4 
6.096631404943764E-4 
2.34485836699605E-4 
1.9931295537389815E-4 
9.379433322465047E-5 
2.6965871802531183E-4 
5.275931325741112E-4 
5.744902882725E-4 
7.503546657972038E-4 
5.393174360506237E-4 
7.03457510098815E-4 
7.738032145425677E-4 
0.0012193262809887528 
0.0018876109970733523 
0.0027200356125831604 
0.005651108454912901 
0.04451713338494301 
0.0030834886711090803 
0.0017586437752470374 
0.002989694243296981 
0.0042090206407010555 
0.007093196269124746 
0.016625044867396355 
0.04920685291290283 
0.4167868494987488 
***
***
A C:\\Users\\Vicente\\Documents\\DirectorioRaiz\base de datos de colores\plana.jpg
0.0 
0.0 
0.0 
0.0 
0.0 
0.0 
0.0 
0.0 
0.0 
0.0 
0.0 
0.0 
0.0 
0.0 
0.0 
0.0 
0.0 
0.0 
0.0 
0.0 
0.0 
0.0 
0.0 
0.0 
0.0 
0.0 
0.0 
0.0 
0.0 
0.0 
0.0 
0.0 
0.0 
0.0 
0.0 
0.0 
0.0 
0.0 
0.0 
0.0 
0.0 
0.0 
0.0 
3.5172874049749225E-5 
0.00750354677438736 
0.05756627023220062 
0.004068328998982906 
0.0018641623901203275 
7.151818135753274E-4 
5.158688290975988E-4 
6.448360509239137E-4 
4.220744885969907E-4 
4.3379879207350314E-4 
3.282801772002131E-4 
3.048315702471882E-4 
3.6345302942208946E-4 
2.813829923979938E-4 
2.34485836699605E-4 
2.1103724429849535E-4 
2.4621011107228696E-4 
1.6414008860010654E-4 
2.4621011107228696E-4 
1.289672072743997E-4 
1.524157851235941E-4 
1.6414008860010654E-4 
1.406914961989969E-4 
1.6414008860010654E-4 
1.524157851235941E-4 
8.207004430005327E-5 
1.406914961989969E-4 
1.6414008860010654E-4 
1.289672072743997E-4 
1.289672072743997E-4 
1.406914961989969E-4 
1.289672072743997E-4 
1.0551862214924768E-4 
8.207004430005327E-5 
1.172429183498025E-4 
1.289672072743997E-4 
1.289672072743997E-4 
8.207004430005327E-5 
1.0551862214924768E-4 
5.862145917490125E-5 
1.0551862214924768E-4 
1.0551862214924768E-4 
1.0551862214924768E-4 
5.862145917490125E-5 
9.379433322465047E-5 
1.0551862214924768E-4 
5.862145917490125E-5 
8.207004430005327E-5 
7.034574809949845E-5 
8.207004430005327E-5 
1.0551862214924768E-4 
4.6897166612325236E-5 
8.207004430005327E-5 
4.6897166612325236E-5 
2.4621011107228696E-4 
1.172429183498025E-4 
1.172429183498025E-4 
1.289672072743997E-4 
1.6414008860010654E-4 
2.2276153322309256E-4 
1.0551862214924768E-4 
5.041445256210864E-4 
0.00323590449988842 
0.04449368640780449 
0.00834769569337368 
0.002321409760043025 
8.441489771939814E-4 
5.744902882725E-4 
9.965647477656603E-4 
4.1035021422430873E-4 
2.9310729587450624E-4 
2.2276153322309256E-4 
4.8069594777189195E-4 
2.1103724429849535E-4 
4.220744885969907E-4 
6.331117474474013E-4 
2.4621011107228696E-4 
9.3794334679842E-4 
3.048315702471882E-4 
0.0013131207088008523 
6.682845996692777E-4 
0.0021689939312636852 
0.003833843395113945 
0.016273315995931625 
0.03302732855081558 
0.45275697112083435 
0.022557536140084267 
0.020857514813542366 
0.0034821145236492157 
0.009977372363209724 
0.07789619266986847 
0.010504965670406818 
0.004302815068513155 
0.0015945036429911852 
1.1724291653081309E-5 
0.001383466413244605 
8.910461328923702E-4 
4.6897166612325236E-5 
5.627659847959876E-4 
8.207004430005327E-5 
5.158688290975988E-4 
3.4000445157289505E-4 
0.0011372562730684876 
7.972518214955926E-4 
0.0013600178062915802 
6.448360509239137E-4 
0.00104346196167171 
6.331117474474013E-4 
3.986259107477963E-4 
4.1035021422430873E-4 
5.158688290975988E-4 
0.0010551862651482224 
7.972518214955926E-4 
0.0013013964053243399 
0.0020400267094373703 
0.00291934865526855 
0.00553386565297842 
0.019497497007250786 
0.0024386525619775057 
0.0016062279464676976 
6.682845996692777E-4 
5.627659847959876E-4 
1.524157851235941E-4 
1.9931295537389815E-4 
2.2276153322309256E-4 
1.6414008860010654E-4 
3.1655587372370064E-4 
1.6414008860010654E-4 
9.379433322465047E-5 
1.289672072743997E-4 
2.34485836699605E-4 
5.862145917490125E-4 
1.406914961989969E-4 
1.6414008860010654E-4 
1.0551862214924768E-4 
1.7586437752470374E-4 
1.8758866644930094E-4 
1.0551862214924768E-4 
1.406914961989969E-4 
4.6897167339921E-4 
1.7586437752470374E-4 
1.8758866644930094E-4 
2.4621011107228696E-4 
1.9931295537389815E-4 
1.0551862214924768E-4 
2.579344145487994E-4 
3.4000445157289505E-4 
4.924202221445739E-4 
2.34485836699605E-4 
1.9931295537389815E-4 
1.9931295537389815E-4 
2.34485836699605E-4 
2.9310729587450624E-4 
9.848404442891479E-4 
3.1655587372370064E-4 
7.972518214955926E-4 
5.158688290975988E-4 
4.8069594777189195E-4 
8.207004284486175E-4 
9.144947398453951E-4 
0.0013951907167211175 
0.0021689939312636852 
0.009309087879955769 
0.04185572266578674 
0.0013482935028150678 
4.6897166612325236E-5 
9.379433322465047E-5 
1.8758866644930094E-4 
9.379433322465047E-5 
2.9310729587450624E-4 
3.1655587372370064E-4 
5.627659847959876E-4 
3.1655587372370064E-4 
3.282801772002131E-4 
8.910461328923702E-4 
3.751773328986019E-4 
7.151818135753274E-4 
0.0018289894796907902 
0.0028255542274564505 
0.004877305123955011 
0.06039182469248772 
0.0011138076661154628 
0.0 
0.0 
0.0 
0.0 
0.0 
0.0 
0.0 
0.0 
0.0 
0.0 
0.0 
0.0 
0.0 
0.0 
0.0 
0.0 
0.0 
0.0 
0.0 
0.0 
0.0 
0.0 
0.0 
0.0 
0.0 
0.0 
0.0 
0.0 
0.0 
0.0 
0.0 
***
***
B C:\\Users\\Vicente\\Documents\\DirectorioRaiz\base de datos de colores\plana.jpg
0.0 
0.0 
0.0 
0.0 
0.0 
0.0 
0.0 
0.0 
0.0 
0.0 
0.0 
0.0 
0.0 
0.0 
0.0 
0.0 
0.0 
0.0 
0.0 
0.0 
0.0 
0.0 
0.0 
0.0 
0.0 
0.0 
0.0 
0.0 
0.0 
0.0 
0.0 
0.0 
0.0 
0.0 
0.0 
0.0 
0.0 
0.0 
0.0 
0.0 
0.0 
0.0 
0.0 
0.0 
0.0 
0.0 
0.0 
0.0 
0.0 
0.0 
0.0 
0.0 
0.0 
0.0 
0.0 
0.0 
0.0 
0.0 
0.0 
0.0 
0.0 
0.0 
0.0 
0.0 
0.0 
0.0 
2.3448583306162618E-5 
3.1655587372370064E-4 
0.003364871721714735 
0.05979388579726219 
0.00412695063278079 
0.003118661465123296 
0.0018172651762142777 
7.151818135753274E-4 
0.0010200133547186852 
3.517287550494075E-4 
3.517287550494075E-4 
9.379433322465047E-5 
1.9931295537389815E-4 
5.275931325741112E-4 
4.3379879207350314E-4 
2.6965871802531183E-4 
3.048315702471882E-4 
3.8690160727128386E-4 
5.979388952255249E-4 
1.8758866644930094E-4 
0.001090359059162438 
0.0031772830989211798 
0.07832999527454376 
0.0034352175425738096 
0.0030600400641560555 
2.1103724429849535E-4 
5.979388952255249E-4 
0.0013600178062915802 
3.4000445157289505E-4 
9.965647477656603E-4 
8.207004430005327E-5 
1.289672072743997E-4 
0.0010551862651482224 
5.041445256210864E-4 
6.448360509239137E-4 
6.448360509239137E-4 
0.00104346196167171 
3.8690160727128386E-4 
2.34485836699605E-4 
6.565603544004261E-4 
8.910461328923702E-4 
2.6965871802531183E-4 
0.0011372562730684876 
1.8758866644930094E-4 
5.627659847959876E-4 
2.6965871802531183E-4 
9.965647477656603E-4 
2.6965871802531183E-4 
3.4000445157289505E-4 
2.9310729587450624E-4 
0.001090359059162438 
7.034574809949845E-5 
2.1103724429849535E-4 
9.379433322465047E-5 
4.3379879207350314E-4 
1.9931295537389815E-4 
0.0012896721018478274 
0.00240347976796329 
0.0011372562730684876 
0.0028607272543013096 
0.01012978795915842 
0.02558240480720997 
0.43162980675697327 
0.045607492327690125 
0.030072808265686035 
0.006530430167913437 
0.003048315877094865 
0.002426928374916315 
0.0011372562730684876 
7.855275180190802E-4 
8.793218876235187E-4 
3.6345302942208946E-4 
4.1035021422430873E-4 
6.096631404943764E-4 
7.269060588441789E-4 
2.813829923979938E-4 
3.751773328986019E-4 
3.1655587372370064E-4 
2.9310729587450624E-4 
2.2276153322309256E-4 
3.282801772002131E-4 
2.4621011107228696E-4 
3.6345302942208946E-4 
1.9931295537389815E-4 
2.9310729587450624E-4 
6.448360509239137E-4 
2.813829923979938E-4 
2.6965871802531183E-4 
3.048315702471882E-4 
2.579344145487994E-4 
3.517287550494075E-4 
3.4000445157289505E-4 
4.1035021422430873E-4 
7.151818135753274E-4 
6.917332066223025E-4 
4.8069594777189195E-4 
4.5724736992269754E-4 
4.455230664461851E-4 
6.565603544004261E-4 
3.517287550494075E-4 
4.5724736992269754E-4 
7.269060588441789E-4 
5.393174360506237E-4 
4.924202221445739E-4 
4.8069594777189195E-4 
3.517287550494075E-4 
3.517287550494075E-4 
3.4000445157289505E-4 
5.275931325741112E-4 
5.979388952255249E-4 
6.213874439708889E-4 
9.965647477656603E-4 
5.744902882725E-4 
5.158688290975988E-4 
9.613918955437839E-4 
0.0011607048800215125 
0.0011958777904510498 
8.793218876235187E-4 
9.731161990202963E-4 
0.001899335184134543 
0.0034117689356207848 
0.006190425716340542 
0.03736531734466553 
0.006694570649415255 
9.731161990202963E-4 
5.393174360506237E-4 
4.8069594777189195E-4 
7.972518214955926E-4 
7.503546657972038E-4 
7.503546657972038E-4 
9.144947398453951E-4 
0.001383466413244605 
0.0017000222578644753 
0.004572473932057619 
0.02047061361372471 
0.005721454508602619 
7.386303623206913E-4 
6.565603544004261E-4 
5.979388952255249E-4 
6.565603544004261E-4 
7.972518214955926E-4 
0.00187588669359684 
0.003001418663188815 
0.00860563013702631 
0.05862145870923996 
6.917332066223025E-4 
2.34485836699605E-4 
3.6345302942208946E-4 
4.1035021422430873E-4 
5.862145917490125E-4 
8.441489771939814E-4 
0.002215891145169735 
0.003951086197048426 
0.045595768839120865 
0.0016765736509114504 
1.1724291653081309E-5 
0.0 
0.0 
0.0 
0.0 
0.0 
0.0 
0.0 
0.0 
0.0 
0.0 
0.0 
0.0 
0.0 
0.0 
0.0 
0.0 
0.0 
0.0 
0.0 
0.0 
0.0 
0.0 
0.0 
0.0 
0.0 
0.0 
0.0 
0.0 
0.0 
0.0 
0.0 
0.0 
0.0 
0.0 
***
***
L C:\\DirectorioRaiz\base de datos de colores\plana.jpg
0.005686281248927116 
0.010446343570947647 
0.010164961218833923 
0.005346276797354221 
0.0 
0.0042676422744989395 
0.003001418663188815 
0.0024855497758835554 
0.0020283025223761797 
0.0013600178062915802 
0.0011841534869745374 
0.0010786348721012473 
0.0020751995034515858 
0.0 
7.972518214955926E-4 
4.455230664461851E-4 
7.503546657972038E-4 
4.6897167339921E-4 
5.510416813194752E-4 
7.03457510098815E-4 
5.393174360506237E-4 
3.6345302942208946E-4 
0.0 
6.096631404943764E-4 
4.1035021422430873E-4 
4.3379879207350314E-4 
3.6345302942208946E-4 
0.0012662234948948026 
2.813829923979938E-4 
2.34485836699605E-4 
2.2276153322309256E-4 
2.6965871802531183E-4 
1.0551862214924768E-4 
3.751773328986019E-4 
9.379433322465047E-5 
2.1103724429849535E-4 
3.8690160727128386E-4 
5.158688290975988E-4 
3.282801772002131E-4 
2.2276153322309256E-4 
4.1035021422430873E-4 
2.34485836699605E-4 
1.8758866644930094E-4 
1.8758866644930094E-4 
5.862145917490125E-5 
2.813829923979938E-4 
1.8758866644930094E-4 
1.9931295537389815E-4 
2.2276153322309256E-4 
8.207004430005327E-5 
2.6965871802531183E-4 
2.579344145487994E-4 
1.6414008860010654E-4 
2.9310729587450624E-4 
0.001559330732561648 
5.510416813194752E-4 
1.7586437752470374E-4 
1.406914961989969E-4 
6.096631404943764E-4 
2.4621011107228696E-4 
1.8758866644930094E-4 
2.2276153322309256E-4 
8.207004430005327E-5 
2.6965871802531183E-4 
1.6414008860010654E-4 
5.627659847959876E-4 
1.9931295537389815E-4 
1.0551862214924768E-4 
2.4621011107228696E-4 
1.406914961989969E-4 
1.524157851235941E-4 
1.7586437752470374E-4 
1.0551862214924768E-4 
1.7586437752470374E-4 
0.0011020833626389503 
2.1103724429849535E-4 
9.613918955437839E-4 
2.579344145487994E-4 
9.379433322465047E-5 
1.524157851235941E-4 
1.7586437752470374E-4 
1.9931295537389815E-4 
0.0010082890512421727 
1.0551862214924768E-4 
1.406914961989969E-4 
0.001148980576545 
0.004584197886288166 
0.003118661465123296 
0.007867000065743923 
0.07462511211633682 
0.00104346196167171 
1.524157851235941E-4 
1.6414008860010654E-4 
1.0551862214924768E-4 
5.510416813194752E-4 
1.6414008860010654E-4 
9.379433322465047E-5 
2.34485836699605E-4 
1.289672072743997E-4 
1.289672072743997E-4 
1.172429183498025E-4 
1.524157851235941E-4 
1.7586437752470374E-4 
5.158688290975988E-4 
5.979388952255249E-4 
1.524157851235941E-4 
1.406914961989969E-4 
1.289672072743997E-4 
1.289672072743997E-4 
8.207004430005327E-5 
2.1103724429849535E-4 
8.207004430005327E-5 
2.2276153322309256E-4 
5.510416813194752E-4 
2.4621011107228696E-4 
2.4621011107228696E-4 
2.813829923979938E-4 
3.048315702471882E-4 
2.579344145487994E-4 
3.8690160727128386E-4 
5.627659847959876E-4 
3.986259107477963E-4 
2.34485836699605E-4 
2.9310729587450624E-4 
2.9310729587450624E-4 
5.627659847959876E-4 
6.800089031457901E-4 
3.8690160727128386E-4 
7.972518214955926E-4 
0.0010669105686247349 
7.03457510098815E-4 
8.675975841470063E-4 
0.002110372530296445 
0.0046076467260718346 
0.005041445139795542 
0.039991557598114014 
0.0015945036429911852 
7.03457510098815E-4 
2.579344145487994E-4 
4.3379879207350314E-4 
6.565603544004261E-4 
2.813829923979938E-4 
3.048315702471882E-4 
3.048315702471882E-4 
0.0011841534869745374 
2.9310729587450624E-4 
4.220744885969907E-4 
0.0011841534869745374 
0.0011138076661154628 
9.496675920672715E-4 
4.924202221445739E-4 
7.972518214955926E-4 
0.0010200133547186852 
0.0014186393236741424 
0.002989694243296981 
0.004103502258658409 
0.06156425550580025 
5.393174360506237E-4 
1.524157851235941E-4 
7.034574809949845E-5 
5.862145917490125E-5 
3.5172874049749225E-5 
5.862145917490125E-5 
8.207004430005327E-5 
9.379433322465047E-5 
1.406914961989969E-4 
1.172429183498025E-4 
9.379433322465047E-5 
1.524157851235941E-4 
1.406914961989969E-4 
3.1655587372370064E-4 
2.1103724429849535E-4 
2.6965871802531183E-4 
0.0015476064290851355 
0.0013482935028150678 
8.910461328923702E-4 
0.0010669105686247349 
0.0011255319695919752 
0.0015827793395146728 
0.003693151753395796 
0.025113431736826897 
0.0017000222578644753 
7.269060588441789E-4 
4.6897167339921E-4 
1.8758866644930094E-4 
4.924202221445739E-4 
1.524157851235941E-4 
1.172429183498025E-4 
1.0551862214924768E-4 
1.0551862214924768E-4 
1.0551862214924768E-4 
5.862145917490125E-5 
9.379433322465047E-5 
9.379433322465047E-5 
1.6414008860010654E-4 
1.172429183498025E-4 
2.1103724429849535E-4 
1.406914961989969E-4 
1.6414008860010654E-4 
2.4621011107228696E-4 
1.7586437752470374E-4 
2.2276153322309256E-4 
2.4621011107228696E-4 
3.1655587372370064E-4 
3.6345302942208946E-4 
2.6965871802531183E-4 
3.4000445157289505E-4 
3.282801772002131E-4 
1.524157851235941E-4 
3.986259107477963E-4 
4.220744885969907E-4 
3.986259107477963E-4 
3.986259107477963E-4 
4.3379879207350314E-4 
3.986259107477963E-4 
4.8069594777189195E-4 
5.627659847959876E-4 
5.275931325741112E-4 
8.793218876235187E-4 
0.0010200133547186852 
0.001148980576545 
0.0033062503207474947 
0.005123515613377094 
0.05214964970946312 
0.006647673435509205 
0.0017938165692612529 
1.8758866644930094E-4 
1.6414008860010654E-4 
1.0551862214924768E-4 
8.207004430005327E-5 
9.379433322465047E-5 
1.289672072743997E-4 
6.096631404943764E-4 
2.34485836699605E-4 
1.9931295537389815E-4 
9.379433322465047E-5 
2.6965871802531183E-4 
5.275931325741112E-4 
5.744902882725E-4 
7.503546657972038E-4 
5.393174360506237E-4 
7.03457510098815E-4 
7.738032145425677E-4 
0.0012193262809887528 
0.0018876109970733523 
0.0027200356125831604 
0.005651108454912901 
0.04451713338494301 
0.0030834886711090803 
0.0017586437752470374 
0.002989694243296981 
0.0042090206407010555 
0.007093196269124746 
0.016625044867396355 
0.04920685291290283 
0.4167868494987488 
***
***
A C:\\DirectorioRaiz\base de datos de colores\plana.jpg
0.0 
0.0 
0.0 
0.0 
0.0 
0.0 
0.0 
0.0 
0.0 
0.0 
0.0 
0.0 
0.0 
0.0 
0.0 
0.0 
0.0 
0.0 
0.0 
0.0 
0.0 
0.0 
0.0 
0.0 
0.0 
0.0 
0.0 
0.0 
0.0 
0.0 
0.0 
0.0 
0.0 
0.0 
0.0 
0.0 
0.0 
0.0 
0.0 
0.0 
0.0 
0.0 
0.0 
3.5172874049749225E-5 
0.00750354677438736 
0.05756627023220062 
0.004068328998982906 
0.0018641623901203275 
7.151818135753274E-4 
5.158688290975988E-4 
6.448360509239137E-4 
4.220744885969907E-4 
4.3379879207350314E-4 
3.282801772002131E-4 
3.048315702471882E-4 
3.6345302942208946E-4 
2.813829923979938E-4 
2.34485836699605E-4 
2.1103724429849535E-4 
2.4621011107228696E-4 
1.6414008860010654E-4 
2.4621011107228696E-4 
1.289672072743997E-4 
1.524157851235941E-4 
1.6414008860010654E-4 
1.406914961989969E-4 
1.6414008860010654E-4 
1.524157851235941E-4 
8.207004430005327E-5 
1.406914961989969E-4 
1.6414008860010654E-4 
1.289672072743997E-4 
1.289672072743997E-4 
1.406914961989969E-4 
1.289672072743997E-4 
1.0551862214924768E-4 
8.207004430005327E-5 
1.172429183498025E-4 
1.289672072743997E-4 
1.289672072743997E-4 
8.207004430005327E-5 
1.0551862214924768E-4 
5.862145917490125E-5 
1.0551862214924768E-4 
1.0551862214924768E-4 
1.0551862214924768E-4 
5.862145917490125E-5 
9.379433322465047E-5 
1.0551862214924768E-4 
5.862145917490125E-5 
8.207004430005327E-5 
7.034574809949845E-5 
8.207004430005327E-5 
1.0551862214924768E-4 
4.6897166612325236E-5 
8.207004430005327E-5 
4.6897166612325236E-5 
2.4621011107228696E-4 
1.172429183498025E-4 
1.172429183498025E-4 
1.289672072743997E-4 
1.6414008860010654E-4 
2.2276153322309256E-4 
1.0551862214924768E-4 
5.041445256210864E-4 
0.00323590449988842 
0.04449368640780449 
0.00834769569337368 
0.002321409760043025 
8.441489771939814E-4 
5.744902882725E-4 
9.965647477656603E-4 
4.1035021422430873E-4 
2.9310729587450624E-4 
2.2276153322309256E-4 
4.8069594777189195E-4 
2.1103724429849535E-4 
4.220744885969907E-4 
6.331117474474013E-4 
2.4621011107228696E-4 
9.3794334679842E-4 
3.048315702471882E-4 
0.0013131207088008523 
6.682845996692777E-4 
0.0021689939312636852 
0.003833843395113945 
0.016273315995931625 
0.03302732855081558 
0.45275697112083435 
0.022557536140084267 
0.020857514813542366 
0.0034821145236492157 
0.009977372363209724 
0.07789619266986847 
0.010504965670406818 
0.004302815068513155 
0.0015945036429911852 
1.1724291653081309E-5 
0.001383466413244605 
8.910461328923702E-4 
4.6897166612325236E-5 
5.627659847959876E-4 
8.207004430005327E-5 
5.158688290975988E-4 
3.4000445157289505E-4 
0.0011372562730684876 
7.972518214955926E-4 
0.0013600178062915802 
6.448360509239137E-4 
0.00104346196167171 
6.331117474474013E-4 
3.986259107477963E-4 
4.1035021422430873E-4 
5.158688290975988E-4 
0.0010551862651482224 
7.972518214955926E-4 
0.0013013964053243399 
0.0020400267094373703 
0.00291934865526855 
0.00553386565297842 
0.019497497007250786 
0.0024386525619775057 
0.0016062279464676976 
6.682845996692777E-4 
5.627659847959876E-4 
1.524157851235941E-4 
1.9931295537389815E-4 
2.2276153322309256E-4 
1.6414008860010654E-4 
3.1655587372370064E-4 
1.6414008860010654E-4 
9.379433322465047E-5 
1.289672072743997E-4 
2.34485836699605E-4 
5.862145917490125E-4 
1.406914961989969E-4 
1.6414008860010654E-4 
1.0551862214924768E-4 
1.7586437752470374E-4 
1.8758866644930094E-4 
1.0551862214924768E-4 
1.406914961989969E-4 
4.6897167339921E-4 
1.7586437752470374E-4 
1.8758866644930094E-4 
2.4621011107228696E-4 
1.9931295537389815E-4 
1.0551862214924768E-4 
2.579344145487994E-4 
3.4000445157289505E-4 
4.924202221445739E-4 
2.34485836699605E-4 
1.9931295537389815E-4 
1.9931295537389815E-4 
2.34485836699605E-4 
2.9310729587450624E-4 
9.848404442891479E-4 
3.1655587372370064E-4 
7.972518214955926E-4 
5.158688290975988E-4 
4.8069594777189195E-4 
8.207004284486175E-4 
9.144947398453951E-4 
0.0013951907167211175 
0.0021689939312636852 
0.009309087879955769 
0.04185572266578674 
0.0013482935028150678 
4.6897166612325236E-5 
9.379433322465047E-5 
1.8758866644930094E-4 
9.379433322465047E-5 
2.9310729587450624E-4 
3.1655587372370064E-4 
5.627659847959876E-4 
3.1655587372370064E-4 
3.282801772002131E-4 
8.910461328923702E-4 
3.751773328986019E-4 
7.151818135753274E-4 
0.0018289894796907902 
0.0028255542274564505 
0.004877305123955011 
0.06039182469248772 
0.0011138076661154628 
0.0 
0.0 
0.0 
0.0 
0.0 
0.0 
0.0 
0.0 
0.0 
0.0 
0.0 
0.0 
0.0 
0.0 
0.0 
0.0 
0.0 
0.0 
0.0 
0.0 
0.0 
0.0 
0.0 
0.0 
0.0 
0.0 
0.0 
0.0 
0.0 
0.0 
0.0 
***
***
B C:\\DirectorioRaiz\base de datos de colores\plana.jpg
0.0 
0.0 
0.0 
0.0 
0.0 
0.0 
0.0 
0.0 
0.0 
0.0 
0.0 
0.0 
0.0 
0.0 
0.0 
0.0 
0.0 
0.0 
0.0 
0.0 
0.0 
0.0 
0.0 
0.0 
0.0 
0.0 
0.0 
0.0 
0.0 
0.0 
0.0 
0.0 
0.0 
0.0 
0.0 
0.0 
0.0 
0.0 
0.0 
0.0 
0.0 
0.0 
0.0 
0.0 
0.0 
0.0 
0.0 
0.0 
0.0 
0.0 
0.0 
0.0 
0.0 
0.0 
0.0 
0.0 
0.0 
0.0 
0.0 
0.0 
0.0 
0.0 
0.0 
0.0 
0.0 
0.0 
2.3448583306162618E-5 
3.1655587372370064E-4 
0.003364871721714735 
0.05979388579726219 
0.00412695063278079 
0.003118661465123296 
0.0018172651762142777 
7.151818135753274E-4 
0.0010200133547186852 
3.517287550494075E-4 
3.517287550494075E-4 
9.379433322465047E-5 
1.9931295537389815E-4 
5.275931325741112E-4 
4.3379879207350314E-4 
2.6965871802531183E-4 
3.048315702471882E-4 
3.8690160727128386E-4 
5.979388952255249E-4 
1.8758866644930094E-4 
0.001090359059162438 
0.0031772830989211798 
0.07832999527454376 
0.0034352175425738096 
0.0030600400641560555 
2.1103724429849535E-4 
5.979388952255249E-4 
0.0013600178062915802 
3.4000445157289505E-4 
9.965647477656603E-4 
8.207004430005327E-5 
1.289672072743997E-4 
0.0010551862651482224 
5.041445256210864E-4 
6.448360509239137E-4 
6.448360509239137E-4 
0.00104346196167171 
3.8690160727128386E-4 
2.34485836699605E-4 
6.565603544004261E-4 
8.910461328923702E-4 
2.6965871802531183E-4 
0.0011372562730684876 
1.8758866644930094E-4 
5.627659847959876E-4 
2.6965871802531183E-4 
9.965647477656603E-4 
2.6965871802531183E-4 
3.4000445157289505E-4 
2.9310729587450624E-4 
0.001090359059162438 
7.034574809949845E-5 
2.1103724429849535E-4 
9.379433322465047E-5 
4.3379879207350314E-4 
1.9931295537389815E-4 
0.0012896721018478274 
0.00240347976796329 
0.0011372562730684876 
0.0028607272543013096 
0.01012978795915842 
0.02558240480720997 
0.43162980675697327 
0.045607492327690125 
0.030072808265686035 
0.006530430167913437 
0.003048315877094865 
0.002426928374916315 
0.0011372562730684876 
7.855275180190802E-4 
8.793218876235187E-4 
3.6345302942208946E-4 
4.1035021422430873E-4 
6.096631404943764E-4 
7.269060588441789E-4 
2.813829923979938E-4 
3.751773328986019E-4 
3.1655587372370064E-4 
2.9310729587450624E-4 
2.2276153322309256E-4 
3.282801772002131E-4 
2.4621011107228696E-4 
3.6345302942208946E-4 
1.9931295537389815E-4 
2.9310729587450624E-4 
6.448360509239137E-4 
2.813829923979938E-4 
2.6965871802531183E-4 
3.048315702471882E-4 
2.579344145487994E-4 
3.517287550494075E-4 
3.4000445157289505E-4 
4.1035021422430873E-4 
7.151818135753274E-4 
6.917332066223025E-4 
4.8069594777189195E-4 
4.5724736992269754E-4 
4.455230664461851E-4 
6.565603544004261E-4 
3.517287550494075E-4 
4.5724736992269754E-4 
7.269060588441789E-4 
5.393174360506237E-4 
4.924202221445739E-4 
4.8069594777189195E-4 
3.517287550494075E-4 
3.517287550494075E-4 
3.4000445157289505E-4 
5.275931325741112E-4 
5.979388952255249E-4 
6.213874439708889E-4 
9.965647477656603E-4 
5.744902882725E-4 
5.158688290975988E-4 
9.613918955437839E-4 
0.0011607048800215125 
0.0011958777904510498 
8.793218876235187E-4 
9.731161990202963E-4 
0.001899335184134543 
0.0034117689356207848 
0.006190425716340542 
0.03736531734466553 
0.006694570649415255 
9.731161990202963E-4 
5.393174360506237E-4 
4.8069594777189195E-4 
7.972518214955926E-4 
7.503546657972038E-4 
7.503546657972038E-4 
9.144947398453951E-4 
0.001383466413244605 
0.0017000222578644753 
0.004572473932057619 
0.02047061361372471 
0.005721454508602619 
7.386303623206913E-4 
6.565603544004261E-4 
5.979388952255249E-4 
6.565603544004261E-4 
7.972518214955926E-4 
0.00187588669359684 
0.003001418663188815 
0.00860563013702631 
0.05862145870923996 
6.917332066223025E-4 
2.34485836699605E-4 
3.6345302942208946E-4 
4.1035021422430873E-4 
5.862145917490125E-4 
8.441489771939814E-4 
0.002215891145169735 
0.003951086197048426 
0.045595768839120865 
0.0016765736509114504 
1.1724291653081309E-5 
0.0 
0.0 
0.0 
0.0 
0.0 
0.0 
0.0 
0.0 
0.0 
0.0 
0.0 
0.0 
0.0 
0.0 
0.0 
0.0 
0.0 
0.0 
0.0 
0.0 
0.0 
0.0 
0.0 
0.0 
0.0 
0.0 
0.0 
0.0 
0.0 
0.0 
0.0 
0.0 
0.0 
0.0 
***
